solution = [
    [
        [
            [0, [4, 2]],
            [12, [12, 16, 10, 17]],
            [14, [14, 11, 13, 15]],
            [31, [31, 32, 29]],
            [32, [32]],
            [17, [17]],
            [16, [16]],
            [15, [48, 33, 35, 36]],
            [13, [30, 27, 34]],
            [27, [38, 49, 47, 28]],
            [33, [33]],
            [34, [34]],
            [48, [48]],
            [47, [47]],
            [49, [49]],
            [38, [38]],
            [30, [30]],
            [29, [29]],
            [28, [28]],
            [35, [35]],
            [36, [36]],
            [4, []],
            [2, []],
            [11, [11]],
            [10, [10]]
        ],
        [
            [0, [6, 3, 1]],
            [5, [5, 8, 9, 7]],
            [8, [8]],
            [6, []],
            [9, [9]],
            [23, [23, 26, 25, 24]],
            [26, [26]],
            [39, [39, 40, 37, 21]],
            [40, [40]],
            [25, [25]],
            [7, [7]],
            [24, [24]],
            [20, [20, 45, 46, 22]],
            [21, [21]],
            [41, [41, 42, 19, 18]],
            [42, [42]],
            [22, [22]],
            [43, [43, 44, 50]],
            [45, [45]],
            [46, [46]],
            [50, [50]],
            [44, [44]],
            [37, [37]],
            [19, [19]],
            [18, [18]],
            [3, []],
            [1, []]
        ]
    ],
    [
        [
            [5, [5, 8, 9, 7]]
        ],
        [
            [12, [12, 16, 10, 17]]
        ],
        [
            [14, [14, 11, 13, 15]]
        ],
        [
            [23, [23, 26, 25, 24]]
        ],
        [
            [31, [31, 32, 29]]
        ],
        [
            [39, [39, 40, 37, 21]]
        ],
        [
            [15, [48, 33, 35, 36]]
        ],
        [
            [13, [30, 27, 34]]
        ],
        [
            [27, [38, 49, 47, 28]]
        ],
        [
            [20, [20, 45, 46, 22]]
        ],
        [
            [41, [41, 42, 19, 18]]
        ],
        [
            [43, [43, 44, 50]]
        ]
    ]
]
