solution = [
    [
        [
            [0, [3, 1, 5]],
            [3, []],
            [13, [13, 12, 11]],
            [6, [6]],
            [20, [20, 16]],
            [32, [32, 31, 26, 30, 28, 21, 34]],
            [31, []],
            [1, []],
            [5, []],
            [26, []],
            [38, [38, 36, 40, 39, 42, 41]],
            [36, []],
            [30, []],
            [28, []],
            [40, []],
            [39, []],
            [49, [49, 47, 50]],
            [21, []],
            [47, []],
            [42, []],
            [34, []],
            [41, []],
            [16, []],
            [12, []],
            [50, []],
            [11, []]
        ],
        [
            [0, [4, 2]],
            [17, [17, 18, 7, 14, 8, 10]],
            [18, []],
            [7, []],
            [15, [15]],
            [29, [29, 33, 23, 19]],
            [33, []],
            [23, []],
            [35, [35, 25, 27, 24, 37, 22]],
            [25, []],
            [27, []],
            [14, []],
            [4, []],
            [2, []],
            [19, []],
            [43, [43, 48, 46, 44, 45, 9]],
            [8, []],
            [48, []],
            [24, []],
            [46, []],
            [10, []],
            [37, []],
            [44, []],
            [22, []],
            [45, []],
            [9, []]
        ]
    ],
    [
        [
            [13, [13, 12, 11]]
        ],
        [
            [17, [17, 18, 7, 14, 8, 10]],
            [6, [6]]
        ],
        [
            [20, [20, 16]],
            [15, [15]]
        ],
        [
            [29, [29, 33, 23, 19]]
        ],
        [
            [32, [32, 31, 26, 30, 28, 21, 34]]
        ],
        [
            [35, [35, 25, 27, 24, 37, 22]]
        ],
        [
            [38, [38, 36, 40, 39, 42, 41]]
        ],
        [
            [43, [43, 48, 46, 44, 45, 9]]
        ],
        [
            [49, [49, 47, 50]]
        ]
    ]
]
