solution = [
    [
        [
            [0, [15, 19, 14, 6, 9, 13, 8, 12, 5]],
            [15, []],
            [19, []],
            [16, [16]],
            [14, []],
            [6, []],
            [9, []],
            [13, []],
            [8, []],
            [12, []],
            [36, [36, 37, 38, 39, 41, 40]],
            [37, [25, 30, 32]],
            [38, []],
            [39, []],
            [40, []],
            [41, []],
            [44, [44, 43, 45, 23, 24]],
            [43, []],
            [45, []],
            [23, []],
            [24, []],
            [25, []],
            [50, [50, 46]],
            [46, []],
            [30, []],
            [32, []],
            [5, []]
        ],
        [
            [0, [18, 1, 3, 2]],
            [18, []],
            [1, []],
            [3, []],
            [21, [21, 17, 22, 7, 20, 10, 11]],
            [17, []],
            [7, []],
            [34, [34, 31, 29, 35, 28, 26, 27, 33]],
            [31, []],
            [29, []],
            [33, []],
            [35, []],
            [28, []],
            [22, []],
            [4, [4]],
            [26, []],
            [27, []],
            [42, [42]],
            [20, []],
            [2, []],
            [10, []],
            [11, []],
            [47, [47, 48, 49]],
            [48, []],
            [49, []]
        ]
    ],
    [
        [
            [21, [21, 17, 22, 7, 20, 10, 11]],
            [16, [16]]
        ],
        [
            [34, [34, 31, 29, 35, 28, 26, 27, 33]]
        ],
        [
            [36, [36, 37, 38, 39, 41, 40]],
            [4, [4]]
        ],
        [
            [37, [25, 30, 32]]
        ],
        [
            [42, [42]],
            [44, [44, 43, 45, 23, 24]]
        ],
        [
            [47, [47, 48, 49]]
        ],
        [
            [50, [50, 46]]
        ]
    ]
]
