solution = [
    [
        [
            [0, [33, 34, 35, 36, 37, 38, 39, 27, 29, 30, 31, 32, 28, 26]],
            [33, []],
            [34, []],
            [35, []],
            [36, []],
            [37, []],
            [38, []],
            [39, []],
            [50, [50, 49, 48, 45, 47, 46]],
            [49, [49]],
            [48, [48]],
            [27, []],
            [29, []],
            [30, []],
            [31, []],
            [32, []],
            [45, [45]],
            [47, [47]],
            [46, [46]],
            [28, []],
            [26, []]
        ],
        [
            [0, [14, 13, 15, 20, 19, 18, 17, 16, 1, 2, 3, 4, 5, 6, 25, 23, 22, 21, 8, 9, 10, 12, 11, 24, 7]],
            [14, []],
            [13, []],
            [15, []],
            [20, []],
            [43, [43, 44, 40, 41, 42]],
            [44, [44]],
            [19, []],
            [18, []],
            [17, []],
            [16, []],
            [1, []],
            [2, []],
            [3, []],
            [4, []],
            [5, []],
            [6, []],
            [40, [40]],
            [41, [41]],
            [42, [42]],
            [25, []],
            [23, []],
            [22, []],
            [21, []],
            [8, []],
            [9, []],
            [10, []],
            [12, []],
            [11, []],
            [24, []],
            [7, []]
        ]
    ],
    [
        [
            [43, [43, 44, 40, 41, 42]]
        ],
        [
            [50, [50, 49, 48, 45, 47, 46]]
        ]
    ]
]
