solution = [
    [
        [
            [0, [1, 2, 3, 4]],
            [1, []],
            [2, [6, 5]],
            [3, []],
            [6, [6]],
            [5, [5]],
            [18, [18, 20, 14]],
            [20, [38, 32, 13, 16]],
            [36, [36, 41, 7, 17]],
            [41, [43, 35, 46, 24]],
            [38, [38]],
            [32, [47, 39, 49, 27]],
            [14, [14]],
            [47, [47]],
            [39, [39]],
            [13, [13]],
            [16, [16]],
            [7, [7]],
            [49, [49]],
            [27, [27]],
            [43, [43]],
            [17, [17]],
            [35, [35]],
            [4, []],
            [24, [24]],
            [46, [46]]
        ],
        [
            [0, [11, 10, 12, 8, 9]],
            [11, []],
            [29, [29, 25, 31, 22]],
            [10, [26, 23, 19, 15]],
            [12, []],
            [25, [25]],
            [31, [31]],
            [22, [22]],
            [45, [45, 48, 40, 28]],
            [48, [48]],
            [40, [40]],
            [28, [50, 44, 21, 33]],
            [33, [33]],
            [26, [26]],
            [23, [23]],
            [8, []],
            [19, [19]],
            [50, [50]],
            [44, [44]],
            [9, []],
            [21, [21]],
            [15, [15]],
            [37, [37, 30, 42, 34]],
            [42, [42]],
            [34, [34]],
            [30, [30]]
        ]
    ],
    [
        [
            [2, [6, 5]]
        ],
        [
            [29, [29, 25, 31, 22]]
        ],
        [
            [18, [18, 20, 14]]
        ],
        [
            [10, [26, 23, 19, 15]]
        ],
        [
            [20, [38, 32, 13, 16]]
        ],
        [
            [36, [36, 41, 7, 17]]
        ],
        [
            [41, [43, 35, 46, 24]]
        ],
        [
            [45, [45, 48, 40, 28]]
        ],
        [
            [32, [47, 39, 49, 27]]
        ],
        [
            [28, [50, 44, 21, 33]]
        ],
        [
            [37, [37, 30, 42, 34]]
        ]
    ]
]
