solution = [
    [
        [
            [0, [43, 42, 47, 49, 31, 35, 32, 33, 37, 38, 39, 36, 34, 25, 22, 21, 10, 8, 9, 2, 1, 4, 3]],
            [43, []],
            [42, []],
            [47, []],
            [49, []],
            [31, []],
            [35, []],
            [32, []],
            [33, []],
            [37, []],
            [38, []],
            [39, []],
            [36, []],
            [34, []],
            [25, []],
            [22, []],
            [21, []],
            [10, []],
            [8, []],
            [9, []],
            [2, []],
            [1, []],
            [4, []],
            [3, []]
        ],
        [
            [0, [5, 7, 6, 11, 13, 14, 12, 16, 15, 19, 18, 17, 30, 29, 24, 27, 28, 26, 23, 48, 50, 41, 40, 44, 45, 46, 20]],
            [5, []],
            [7, []],
            [6, []],
            [11, []],
            [13, []],
            [14, []],
            [12, []],
            [16, []],
            [15, []],
            [19, []],
            [18, []],
            [17, []],
            [30, []],
            [29, []],
            [24, []],
            [27, []],
            [28, []],
            [26, []],
            [23, []],
            [48, []],
            [50, []],
            [41, []],
            [40, []],
            [44, []],
            [45, []],
            [46, []],
            [20, []]
        ]
    ],
    [
    ]
]
