solution = [
    [
        [
            [0, [7, 6]],
            [13, [13, 11, 10, 9, 12, 15, 14, 16]],
            [16, []],
            [11, []],
            [10, []],
            [9, []],
            [12, [26, 27, 29, 30, 31, 28, 25]],
            [7, []],
            [6, []],
            [26, []],
            [27, []],
            [25, [50, 49, 48, 45, 46, 47]],
            [29, []],
            [30, []],
            [50, []],
            [49, []],
            [48, []],
            [31, []],
            [28, []],
            [15, []],
            [14, []],
            [45, []],
            [46, []],
            [47, []]
        ],
        [
            [0, [3, 4, 5, 8, 2, 1]],
            [3, []],
            [4, []],
            [5, []],
            [8, []],
            [19, [19, 20, 21, 23, 22, 17, 18, 24]],
            [20, []],
            [21, []],
            [22, []],
            [17, []],
            [18, [33, 32, 34, 35, 36]],
            [33, []],
            [32, [44, 43, 42, 41, 40, 37, 38, 39]],
            [34, []],
            [35, []],
            [23, []],
            [36, []],
            [44, []],
            [43, []],
            [42, []],
            [41, []],
            [40, []],
            [24, []],
            [37, []],
            [38, []],
            [39, []],
            [2, []],
            [1, []]
        ]
    ],
    [
        [
            [13, [13, 11, 10, 9, 12, 15, 14, 16]]
        ],
        [
            [19, [19, 20, 21, 23, 22, 17, 18, 24]]
        ],
        [
            [12, [26, 27, 29, 30, 31, 28, 25]]
        ],
        [
            [18, [33, 32, 34, 35, 36]]
        ],
        [
            [32, [44, 43, 42, 41, 40, 37, 38, 39]]
        ],
        [
            [25, [50, 49, 48, 45, 46, 47]]
        ]
    ]
]
