solution = [
    [
        [
            [0, [4, 2, 1]],
            [12, [12, 13]],
            [13, []],
            [14, [14, 17, 16, 15, 19]],
            [31, [31, 32, 27, 30, 28, 34, 29, 33]],
            [32, []],
            [17, []],
            [16, []],
            [15, []],
            [27, []],
            [33, []],
            [34, []],
            [48, [48, 47, 38, 35, 36, 37, 49]],
            [47, []],
            [49, []],
            [38, []],
            [30, []],
            [29, []],
            [28, []],
            [35, []],
            [36, []],
            [37, []],
            [19, []],
            [4, []],
            [2, []],
            [1, []]
        ],
        [
            [0, [3]],
            [5, [5, 11, 10, 7, 8, 9, 6]],
            [9, []],
            [6, []],
            [8, []],
            [7, []],
            [23, [23, 18, 24, 22, 21, 20, 25, 26]],
            [25, []],
            [39, [39]],
            [40, [40, 41, 42, 50, 46, 45, 44, 43]],
            [26, []],
            [24, []],
            [41, []],
            [42, []],
            [50, []],
            [46, []],
            [45, []],
            [44, []],
            [43, []],
            [22, []],
            [21, []],
            [20, []],
            [18, []],
            [3, []],
            [11, []],
            [10, []]
        ]
    ],
    [
        [
            [5, [5, 11, 10, 7, 8, 9, 6]]
        ],
        [
            [12, [12, 13]]
        ],
        [
            [14, [14, 17, 16, 15, 19]]
        ],
        [
            [23, [23, 18, 24, 22, 21, 20, 25, 26]]
        ],
        [
            [31, [31, 32, 27, 30, 28, 34, 29, 33]]
        ],
        [
            [39, [39]]
        ],
        [
            [40, [40, 41, 42, 50, 46, 45, 44, 43]]
        ],
        [
            [48, [48, 47, 38, 35, 36, 37, 49]]
        ]
    ]
]
