solution = [
    [
        [
            [0, [5, 3, 4, 2]],
            [5, []],
            [10, [10, 13, 11, 12]],
            [13, [13]],
            [16, [16, 18, 9, 17]],
            [18, [18]],
            [20, [20]],
            [3, []],
            [9, [9]],
            [11, [11]],
            [12, [12]],
            [7, [7, 6, 15, 19]],
            [6, [6]],
            [15, [15]],
            [4, []],
            [2, []],
            [17, [17]],
            [19, [19]],
            [36, [36, 37, 38, 40]],
            [37, [37]],
            [38, [38]],
            [39, [39, 26, 25]],
            [40, [40]],
            [41, [41, 44, 43, 45]],
            [44, [44]],
            [43, [43]],
            [45, [45]],
            [26, [26]],
            [25, [25]],
            [50, [50, 46]],
            [46, [46]]
        ],
        [
            [0, [1]],
            [8, [8, 21]],
            [14, [14]],
            [21, [21]],
            [24, [24, 23, 27, 22]],
            [23, [23]],
            [27, [27]],
            [22, [22]],
            [30, [30, 31, 29, 32]],
            [31, [31]],
            [29, [29]],
            [32, [32]],
            [34, [34, 33, 35, 28]],
            [33, [33]],
            [35, [35]],
            [28, [28]],
            [42, [42]],
            [1, []],
            [47, [47, 48, 49]],
            [48, [48]],
            [49, [49]]
        ]
    ],
    [
        [
            [8, [8, 21]]
        ],
        [
            [10, [10, 13, 11, 12]]
        ],
        [
            [16, [16, 18, 9, 17]]
        ],
        [
            [20, [20]],
            [14, [14]]
        ],
        [
            [7, [7, 6, 15, 19]]
        ],
        [
            [24, [24, 23, 27, 22]]
        ],
        [
            [30, [30, 31, 29, 32]]
        ],
        [
            [34, [34, 33, 35, 28]]
        ],
        [
            [36, [36, 37, 38, 40]]
        ],
        [
            [39, [39, 26, 25]]
        ],
        [
            [42, [42]]
        ],
        [
            [41, [41, 44, 43, 45]]
        ],
        [
            [47, [47, 48, 49]]
        ],
        [
            [50, [50, 46]]
        ]
    ]
]
