solution = [
    [
        [
            [0, [4, 2]],
            [12, [12, 16, 10, 17]],
            [14, [14, 11, 13, 15]],
            [31, [31, 32, 29]],
            [32, []],
            [17, []],
            [16, []],
            [15, [48, 33, 35, 36]],
            [13, [30, 27, 34]],
            [27, [38, 49, 47, 28]],
            [33, []],
            [34, []],
            [48, []],
            [47, []],
            [49, []],
            [38, []],
            [30, []],
            [29, []],
            [28, []],
            [35, []],
            [36, []],
            [4, []],
            [2, []],
            [11, []],
            [10, []]
        ],
        [
            [0, [5, 9, 6, 8, 7, 3, 1]],
            [5, []],
            [9, []],
            [6, []],
            [8, []],
            [23, [23, 26, 25, 24]],
            [26, []],
            [39, [39, 40, 37, 21]],
            [40, []],
            [25, []],
            [7, []],
            [24, []],
            [20, [20, 45, 46, 22]],
            [21, []],
            [41, [41, 42, 19, 18]],
            [42, []],
            [22, []],
            [43, [43, 44, 50]],
            [44, []],
            [45, []],
            [46, []],
            [50, []],
            [37, []],
            [19, []],
            [18, []],
            [3, []],
            [1, []]
        ]
    ],
    [
        [
            [12, [12, 16, 10, 17]]
        ],
        [
            [14, [14, 11, 13, 15]]
        ],
        [
            [23, [23, 26, 25, 24]]
        ],
        [
            [31, [31, 32, 29]]
        ],
        [
            [39, [39, 40, 37, 21]]
        ],
        [
            [15, [48, 33, 35, 36]]
        ],
        [
            [13, [30, 27, 34]]
        ],
        [
            [27, [38, 49, 47, 28]]
        ],
        [
            [20, [20, 45, 46, 22]]
        ],
        [
            [41, [41, 42, 19, 18]]
        ],
        [
            [43, [43, 44, 50]]
        ]
    ]
]
