solution = [
    [
        [
            [0, []],
            [11, [11, 12, 6, 5, 8, 10]],
            [12, [12]],
            [10, [10]],
            [25, [25, 26, 23, 19, 20, 22, 18]],
            [22, [22]],
            [28, [28, 33, 34, 30, 29]],
            [26, [26]],
            [33, [33]],
            [6, [6]],
            [5, [5]],
            [23, [23]],
            [8, [8]],
            [19, [19]],
            [50, [50, 44, 42, 46, 45, 48, 40, 31]],
            [44, [44]],
            [42, [42]],
            [34, [34]],
            [46, [46]],
            [20, [20]],
            [30, [30]],
            [45, [45]],
            [31, [31]],
            [40, [40]],
            [48, [48]],
            [18, [18]],
            [29, [29]]
        ],
        [
            [0, [3]],
            [1, [1, 2, 9, 4, 7]],
            [2, [2]],
            [3, []],
            [9, [9]],
            [21, [21, 15, 17]],
            [15, [15]],
            [4, [4]],
            [35, [35, 24, 14, 13, 16, 27]],
            [17, [17]],
            [43, [43, 37, 41, 38, 32, 39, 36]],
            [37, [37]],
            [24, [24]],
            [41, [41]],
            [38, [38]],
            [32, [32]],
            [14, [14]],
            [47, [47, 49]],
            [39, [39]],
            [13, [13]],
            [16, [16]],
            [7, [7]],
            [49, [49]],
            [27, [27]],
            [36, [36]]
        ]
    ],
    [
        [
            [11, [11, 12, 6, 5, 8, 10]]
        ],
        [
            [1, [1, 2, 9, 4, 7]]
        ],
        [
            [21, [21, 15, 17]]
        ],
        [
            [25, [25, 26, 23, 19, 20, 22, 18]]
        ],
        [
            [35, [35, 24, 14, 13, 16, 27]]
        ],
        [
            [28, [28, 33, 34, 30, 29]]
        ],
        [
            [43, [43, 37, 41, 38, 32, 39, 36]]
        ],
        [
            [50, [50, 44, 42, 46, 45, 48, 40, 31]]
        ],
        [
            [47, [47, 49]]
        ]
    ]
]
