solution = [
    [
        [
            [0, [43, 5, 2, 4, 3, 7, 1, 13, 15, 14, 16, 19, 18, 11, 8, 21, 30, 27, 6, 48, 40, 41, 42, 45, 47, 20]],
            [43, []],
            [5, []],
            [2, []],
            [4, []],
            [3, []],
            [7, []],
            [1, []],
            [13, []],
            [15, []],
            [14, []],
            [16, []],
            [19, []],
            [18, []],
            [11, []],
            [8, []],
            [21, []],
            [30, []],
            [27, []],
            [6, []],
            [48, []],
            [40, []],
            [41, []],
            [42, []],
            [45, []],
            [47, []],
            [20, []]
        ],
        [
            [0, [49, 29, 24, 22, 46, 44, 50, 31, 32, 33, 37, 38, 35, 34, 36, 39, 28, 26, 23, 25, 17, 12, 9, 10]],
            [49, []],
            [29, []],
            [24, []],
            [22, []],
            [46, []],
            [44, []],
            [50, []],
            [31, []],
            [32, []],
            [33, []],
            [37, []],
            [38, []],
            [35, []],
            [34, []],
            [36, []],
            [39, []],
            [28, []],
            [26, []],
            [23, []],
            [25, []],
            [17, []],
            [12, []],
            [9, []],
            [10, []]
        ]
    ],
    [
    ]
]
