solution = [
    [
        [
            [0, [16, 13, 11, 3, 4, 2, 5, 46, 1, 36, 43, 38, 35, 40, 41, 39, 42, 44, 45, 8, 6, 7, 9, 12, 17, 47, 14, 15, 10]],
            [16, [37]],
            [13, []],
            [11, []],
            [3, []],
            [4, []],
            [2, []],
            [5, []],
            [46, []],
            [1, []],
            [36, []],
            [43, []],
            [38, []],
            [35, []],
            [40, []],
            [37, []],
            [41, []],
            [39, []],
            [42, []],
            [44, []],
            [45, []],
            [8, []],
            [6, []],
            [7, []],
            [9, []],
            [12, []],
            [17, []],
            [47, []],
            [14, []],
            [15, []],
            [10, []]
        ],
        [
            [0, [50, 34, 31, 29, 27, 26, 28, 30, 32, 33, 20, 49, 19, 48, 18, 21, 25, 23, 24, 22]],
            [50, []],
            [34, []],
            [31, []],
            [29, []],
            [27, []],
            [26, []],
            [28, []],
            [30, []],
            [32, []],
            [33, []],
            [20, []],
            [49, []],
            [19, []],
            [48, []],
            [18, []],
            [21, []],
            [25, []],
            [23, []],
            [24, []],
            [22, []]
        ]
    ],
    [
        [
            [16, [37]]
        ]
    ]
]
