solution = [
    [
        [
            [0, [7, 36, 18, 19, 29, 26, 30, 13, 10, 12, 34, 21, 28, 25, 20, 27, 11, 32, 8, 31, 6, 4]],
            [7, [48, 49, 45, 46]],
            [45, [42, 39, 38, 41]],
            [42, []],
            [39, []],
            [36, []],
            [46, []],
            [18, []],
            [19, []],
            [29, []],
            [26, []],
            [48, []],
            [30, []],
            [13, []],
            [10, []],
            [12, []],
            [38, []],
            [34, []],
            [21, []],
            [28, []],
            [25, []],
            [20, []],
            [27, []],
            [41, []],
            [11, []],
            [49, []],
            [32, []],
            [8, []],
            [31, []],
            [6, []],
            [4, []]
        ],
        [
            [0, [15, 2, 37, 23, 43, 50, 40, 9, 24, 3, 22, 1, 35, 44, 16, 14, 47, 33, 5, 17]],
            [15, []],
            [2, []],
            [37, []],
            [23, []],
            [43, []],
            [50, []],
            [40, []],
            [9, []],
            [24, []],
            [3, []],
            [22, []],
            [1, []],
            [35, []],
            [44, []],
            [16, []],
            [14, []],
            [47, []],
            [33, []],
            [5, []],
            [17, []]
        ]
    ],
    [
        [
            [7, [48, 49, 45, 46]]
        ],
        [
            [45, [42, 39, 38, 41]]
        ]
    ]
]
