solution = [
    [
        [
            [0, [3, 1, 5]],
            [3, []],
            [13, [13, 12, 11]],
            [6, [6]],
            [20, [20, 16]],
            [32, [32, 31, 26, 30, 28, 21, 34]],
            [31, [31]],
            [1, []],
            [5, []],
            [26, [26]],
            [38, [38, 36, 40, 39, 42, 41]],
            [36, [36]],
            [30, [30]],
            [28, [28]],
            [40, [40]],
            [39, [39]],
            [49, [49, 47, 50]],
            [21, [21]],
            [47, [47]],
            [42, [42]],
            [34, [34]],
            [41, [41]],
            [16, [16]],
            [12, [12]],
            [50, [50]],
            [11, [11]]
        ],
        [
            [0, [4, 2]],
            [17, [17, 18, 7, 14, 8, 10]],
            [18, [18]],
            [7, [7]],
            [15, [15]],
            [29, [29, 33, 23, 19]],
            [33, [33]],
            [23, [23]],
            [35, [35, 25, 27, 24, 37, 22]],
            [25, [25]],
            [27, [27]],
            [14, [14]],
            [4, []],
            [2, []],
            [19, [19]],
            [43, [43, 48, 46, 44, 45, 9]],
            [8, [8]],
            [48, [48]],
            [24, [24]],
            [46, [46]],
            [10, [10]],
            [37, [37]],
            [44, [44]],
            [22, [22]],
            [45, [45]],
            [9, [9]]
        ]
    ],
    [
        [
            [13, [13, 12, 11]]
        ],
        [
            [17, [17, 18, 7, 14, 8, 10]],
            [6, [6]]
        ],
        [
            [20, [20, 16]],
            [15, [15]]
        ],
        [
            [29, [29, 33, 23, 19]]
        ],
        [
            [32, [32, 31, 26, 30, 28, 21, 34]]
        ],
        [
            [35, [35, 25, 27, 24, 37, 22]]
        ],
        [
            [38, [38, 36, 40, 39, 42, 41]]
        ],
        [
            [43, [43, 48, 46, 44, 45, 9]]
        ],
        [
            [49, [49, 47, 50]]
        ]
    ]
]
