solution = [
    [
        [
            [0, [26, 28, 43, 42, 44, 46, 47, 45, 29, 27, 48, 49, 50, 36, 35, 34, 33, 32, 31, 30]],
            [26, []],
            [28, []],
            [43, []],
            [42, []],
            [44, []],
            [46, []],
            [47, []],
            [45, []],
            [29, []],
            [27, []],
            [48, []],
            [49, []],
            [50, []],
            [36, []],
            [35, []],
            [34, []],
            [33, []],
            [32, []],
            [31, []],
            [30, []]
        ],
        [
            [0, [16, 17, 18, 38, 39, 40, 41, 15, 14, 13, 3, 2, 1, 6, 4, 5, 37, 25, 24, 23, 20, 19, 21, 22, 12, 11, 10, 9, 8, 7]],
            [16, []],
            [17, []],
            [18, []],
            [38, []],
            [39, []],
            [40, []],
            [41, []],
            [15, []],
            [14, []],
            [13, []],
            [3, []],
            [2, []],
            [1, []],
            [6, []],
            [4, []],
            [5, []],
            [37, []],
            [25, []],
            [24, []],
            [23, []],
            [20, []],
            [19, []],
            [21, []],
            [22, []],
            [12, []],
            [11, []],
            [10, []],
            [9, []],
            [8, []],
            [7, []]
        ]
    ],
    [
    ]
]
