solution = [
    [
        [
            [0, [1, 2, 3, 4, 9, 6, 5, 7, 8, 35, 34, 38, 36, 37, 33, 29, 28, 30, 32, 31, 19, 18, 17, 16, 15, 14]],
            [1, []],
            [2, []],
            [3, []],
            [4, [39, 43, 42, 41, 40]],
            [9, []],
            [6, []],
            [5, []],
            [7, []],
            [8, []],
            [35, []],
            [34, []],
            [39, []],
            [38, []],
            [36, []],
            [37, []],
            [43, []],
            [42, []],
            [41, []],
            [40, []],
            [33, []],
            [29, []],
            [28, []],
            [30, []],
            [32, []],
            [31, []],
            [19, []],
            [18, []],
            [17, []],
            [16, []],
            [15, []],
            [14, []]
        ],
        [
            [0, [13, 21, 27, 45, 44, 23, 22, 24, 26, 25, 12, 11, 10]],
            [13, [50, 46, 47, 48, 49]],
            [20, [20]],
            [21, []],
            [27, []],
            [45, []],
            [44, []],
            [50, []],
            [46, []],
            [47, []],
            [48, []],
            [49, []],
            [23, []],
            [22, []],
            [24, []],
            [26, []],
            [25, []],
            [12, []],
            [11, []],
            [10, []]
        ]
    ],
    [
        [
            [13, [50, 46, 47, 48, 49]]
        ],
        [
            [4, [39, 43, 42, 41, 40]],
            [20, [20]]
        ]
    ]
]
