solution = [
    [
        [
            [0, [1]],
            [1, [4]],
            [12, [12, 11, 10, 18]],
            [11, [11]],
            [10, [10]],
            [31, [31, 25, 22, 29]],
            [25, [25]],
            [40, [40, 17, 20, 24]],
            [18, [18]],
            [29, [29]],
            [48, [48, 45, 35, 38]],
            [22, [22]],
            [45, [45]],
            [20, [20]],
            [24, [24]],
            [4, [4]],
            [35, [35]],
            [17, [17]],
            [43, [43, 37, 41, 36]],
            [37, [37]],
            [38, [38]],
            [41, [41]],
            [36, [36]]
        ],
        [
            [0, [2, 3]],
            [2, []],
            [3, []],
            [6, [6, 5, 9, 7]],
            [5, [5]],
            [9, [9]],
            [7, [15, 13, 16, 14]],
            [16, [16]],
            [13, [13]],
            [32, [32, 27, 23, 26]],
            [15, [15]],
            [27, [27]],
            [14, [14]],
            [47, [47, 39, 49, 44]],
            [39, [39]],
            [49, [49]],
            [21, [21, 28, 19, 8]],
            [44, [44]],
            [50, [50, 33, 42, 34]],
            [19, [19]],
            [8, [8]],
            [23, [23]],
            [26, [26]],
            [33, [33]],
            [28, [28]],
            [42, [42]],
            [34, [34]],
            [46, [46, 30]],
            [30, [30]]
        ]
    ],
    [
        [
            [1, [4]]
        ],
        [
            [6, [6, 5, 9, 7]]
        ],
        [
            [12, [12, 11, 10, 18]]
        ],
        [
            [7, [15, 13, 16, 14]]
        ],
        [
            [31, [31, 25, 22, 29]]
        ],
        [
            [32, [32, 27, 23, 26]]
        ],
        [
            [40, [40, 17, 20, 24]]
        ],
        [
            [48, [48, 45, 35, 38]]
        ],
        [
            [47, [47, 39, 49, 44]]
        ],
        [
            [21, [21, 28, 19, 8]]
        ],
        [
            [50, [50, 33, 42, 34]]
        ],
        [
            [43, [43, 37, 41, 36]]
        ],
        [
            [46, [46, 30]]
        ]
    ]
]
