solution = [
    [
        [
            [0, [3, 4]],
            [13, [13, 6, 7, 15]],
            [19, [19, 24, 23, 21, 16, 25, 20]],
            [7, []],
            [6, []],
            [15, []],
            [3, []],
            [25, []],
            [47, [47, 39, 46, 33, 40, 37, 28, 27]],
            [27, []],
            [39, []],
            [46, []],
            [24, []],
            [4, []],
            [33, []],
            [50, [50, 48, 44, 43, 26]],
            [40, []],
            [23, []],
            [48, []],
            [37, []],
            [21, []],
            [44, []],
            [16, []],
            [28, []],
            [26, []],
            [43, []],
            [20, []]
        ],
        [
            [0, [2, 1]],
            [5, [5, 8, 11, 12, 10]],
            [8, []],
            [2, []],
            [35, [35, 34, 29, 18, 22, 9, 14, 17]],
            [34, []],
            [17, []],
            [10, []],
            [12, []],
            [41, [41, 49, 42, 45, 32, 31, 36]],
            [49, []],
            [36, []],
            [1, []],
            [42, []],
            [22, []],
            [11, []],
            [29, []],
            [45, []],
            [18, []],
            [9, []],
            [31, []],
            [32, []],
            [14, []],
            [38, [38, 30]],
            [30, []]
        ]
    ],
    [
        [
            [5, [5, 8, 11, 12, 10]]
        ],
        [
            [13, [13, 6, 7, 15]]
        ],
        [
            [19, [19, 24, 23, 21, 16, 25, 20]]
        ],
        [
            [35, [35, 34, 29, 18, 22, 9, 14, 17]]
        ],
        [
            [41, [41, 49, 42, 45, 32, 31, 36]]
        ],
        [
            [47, [47, 39, 46, 33, 40, 37, 28, 27]]
        ],
        [
            [38, [38, 30]]
        ],
        [
            [50, [50, 48, 44, 43, 26]]
        ]
    ]
]
