solution = [
    [
        [
            [0, [7, 4, 21]],
            [13, [13, 9]],
            [7, []],
            [9, [17, 16]],
            [4, []],
            [21, []],
            [22, [22, 19, 20, 23]],
            [16, []],
            [17, []],
            [20, [26, 10, 11]],
            [26, []],
            [23, []],
            [36, [36, 37, 38, 39]],
            [37, []],
            [39, []],
            [38, [42, 44, 41, 40]],
            [19, []],
            [40, []],
            [44, []],
            [41, []],
            [42, []],
            [10, []],
            [11, [47, 48, 49]],
            [47, []],
            [48, []],
            [49, []]
        ],
        [
            [0, [18, 15, 6, 12, 8, 2, 5, 3, 1]],
            [18, []],
            [15, []],
            [6, []],
            [12, []],
            [8, []],
            [14, [14, 27, 24, 25]],
            [2, [29, 30, 32, 33]],
            [24, []],
            [27, []],
            [25, []],
            [33, []],
            [29, []],
            [30, []],
            [32, []],
            [5, [43, 45, 28, 35]],
            [43, []],
            [45, []],
            [28, [50, 46, 34, 31]],
            [31, []],
            [34, []],
            [46, []],
            [50, []],
            [35, []],
            [3, []],
            [1, []]
        ]
    ],
    [
        [
            [14, [14, 27, 24, 25]]
        ],
        [
            [13, [13, 9]]
        ],
        [
            [9, [17, 16]]
        ],
        [
            [22, [22, 19, 20, 23]]
        ],
        [
            [20, [26, 10, 11]]
        ],
        [
            [2, [29, 30, 32, 33]]
        ],
        [
            [36, [36, 37, 38, 39]]
        ],
        [
            [5, [43, 45, 28, 35]]
        ],
        [
            [38, [42, 44, 41, 40]]
        ],
        [
            [11, [47, 48, 49]]
        ],
        [
            [28, [50, 46, 34, 31]]
        ]
    ]
]
