solution = [
    [
        [
            [0, [2, 6]],
            [18, [18, 19, 14, 16]],
            [19, []],
            [14, []],
            [16, []],
            [15, [15, 13, 12, 11]],
            [2, []],
            [6, []],
            [28, [28, 26, 27, 29]],
            [26, []],
            [27, []],
            [13, []],
            [12, []],
            [41, [41, 40, 39, 38]],
            [40, []],
            [39, []],
            [38, []],
            [11, []],
            [29, []],
            [42, [42, 43, 49, 44]],
            [43, []],
            [44, []],
            [49, []],
            [48, [48, 30]],
            [30, []]
        ],
        [
            [0, [3, 4, 5, 1]],
            [3, []],
            [4, []],
            [5, []],
            [8, [8, 10, 9, 17]],
            [10, []],
            [9, []],
            [7, [7]],
            [17, []],
            [20, [20, 22, 24, 23]],
            [22, []],
            [24, []],
            [23, []],
            [21, [21, 25]],
            [32, [32, 33, 31, 34]],
            [33, []],
            [31, []],
            [34, []],
            [35, [35, 36, 37]],
            [36, []],
            [37, []],
            [50, [50, 45, 46, 47]],
            [25, []],
            [45, []],
            [46, []],
            [47, []],
            [1, []]
        ]
    ],
    [
        [
            [18, [18, 19, 14, 16]]
        ],
        [
            [8, [8, 10, 9, 17]]
        ],
        [
            [7, [7]]
        ],
        [
            [15, [15, 13, 12, 11]]
        ],
        [
            [20, [20, 22, 24, 23]]
        ],
        [
            [21, [21, 25]]
        ],
        [
            [28, [28, 26, 27, 29]]
        ],
        [
            [32, [32, 33, 31, 34]]
        ],
        [
            [35, [35, 36, 37]]
        ],
        [
            [41, [41, 40, 39, 38]]
        ],
        [
            [50, [50, 45, 46, 47]]
        ],
        [
            [42, [42, 43, 49, 44]]
        ],
        [
            [48, [48, 30]]
        ]
    ]
]
