solution = [
    [
        [
            [0, [4]],
            [22, [22, 18, 19, 20, 21, 23]],
            [23, []],
            [19, []],
            [17, [17]],
            [32, [32, 33, 34, 35, 36]],
            [33, []],
            [34, []],
            [35, []],
            [18, [42, 41, 24]],
            [20, []],
            [21, []],
            [36, []],
            [50, [50, 49, 40, 37, 38, 39]],
            [49, []],
            [42, []],
            [41, []],
            [24, []],
            [40, []],
            [37, []],
            [38, []],
            [39, []],
            [4, []]
        ],
        [
            [0, [7, 3, 1, 8, 6, 5, 2]],
            [7, []],
            [3, []],
            [1, []],
            [8, []],
            [6, []],
            [5, []],
            [2, []],
            [12, [12]],
            [10, [10, 16, 13, 9, 15, 14, 11]],
            [11, []],
            [16, []],
            [13, []],
            [9, []],
            [29, [29, 31, 30, 25, 27, 26, 28]],
            [31, []],
            [30, []],
            [25, []],
            [48, [48, 47, 46, 43, 44, 45]],
            [47, []],
            [46, []],
            [27, []],
            [26, []],
            [28, []],
            [15, []],
            [14, []],
            [43, []],
            [44, []],
            [45, []]
        ]
    ],
    [
        [
            [22, [22, 18, 19, 20, 21, 23]],
            [12, [12]]
        ],
        [
            [10, [10, 16, 13, 9, 15, 14, 11]],
            [17, [17]]
        ],
        [
            [29, [29, 31, 30, 25, 27, 26, 28]]
        ],
        [
            [32, [32, 33, 34, 35, 36]]
        ],
        [
            [18, [42, 41, 24]]
        ],
        [
            [50, [50, 49, 40, 37, 38, 39]]
        ],
        [
            [48, [48, 47, 46, 43, 44, 45]]
        ]
    ]
]
