solution = [
    [
        [
            [0, [12, 45, 20, 34, 3, 15, 5, 46, 2, 4, 48, 42, 19, 30, 7, 28, 11, 18, 25, 38]],
            [12, []],
            [45, []],
            [20, []],
            [34, []],
            [3, []],
            [15, []],
            [5, []],
            [46, []],
            [2, []],
            [4, []],
            [48, []],
            [42, []],
            [19, []],
            [30, []],
            [7, []],
            [28, []],
            [11, []],
            [18, []],
            [25, []],
            [38, []]
        ],
        [
            [0, [10, 17, 26, 31, 24, 21, 8, 6, 37, 40, 36, 35, 13, 27, 43, 44, 14, 39, 33, 32, 9, 41, 16, 29, 22, 23, 1]],
            [10, []],
            [17, []],
            [26, []],
            [31, []],
            [24, []],
            [49, [49, 47, 50]],
            [21, []],
            [8, []],
            [6, []],
            [37, []],
            [40, []],
            [36, []],
            [47, [47]],
            [35, []],
            [13, []],
            [27, []],
            [43, []],
            [44, []],
            [14, []],
            [39, []],
            [33, []],
            [32, []],
            [9, []],
            [41, []],
            [16, []],
            [29, []],
            [22, []],
            [23, []],
            [1, []],
            [50, [50]]
        ]
    ],
    [
        [
            [49, [49, 47, 50]]
        ]
    ]
]
