solution = [
    [
        [
            [0, [4, 3]],
            [4, []],
            [3, []],
            [20, [20, 11, 8, 16]],
            [16, [2]],
            [27, [27, 28, 25, 14]],
            [28, []],
            [25, []],
            [8, []],
            [14, []],
            [30, [30, 35, 23, 19]],
            [35, []],
            [23, []],
            [38, [38, 34, 18]],
            [46, [46, 37, 39]],
            [11, []],
            [37, []],
            [19, []],
            [18, []],
            [39, []],
            [50, [50, 47]],
            [34, []],
            [2, []],
            [47, []]
        ],
        [
            [0, [1]],
            [1, []],
            [9, [9, 7, 10, 6]],
            [5, [5, 15, 12, 13]],
            [6, []],
            [17, [17, 21, 24]],
            [7, []],
            [13, []],
            [21, []],
            [24, []],
            [29, [29, 31, 26, 33]],
            [15, []],
            [33, [32, 36, 22]],
            [36, []],
            [31, []],
            [32, []],
            [22, []],
            [44, [44, 43, 42, 40]],
            [43, []],
            [48, [48, 49, 41, 45]],
            [12, []],
            [49, []],
            [26, []],
            [10, []],
            [41, []],
            [45, []],
            [40, []],
            [42, []]
        ]
    ],
    [
        [
            [9, [9, 7, 10, 6]]
        ],
        [
            [5, [5, 15, 12, 13]]
        ],
        [
            [20, [20, 11, 8, 16]]
        ],
        [
            [17, [17, 21, 24]],
            [16, [2]]
        ],
        [
            [27, [27, 28, 25, 14]]
        ],
        [
            [29, [29, 31, 26, 33]]
        ],
        [
            [30, [30, 35, 23, 19]]
        ],
        [
            [33, [32, 36, 22]]
        ],
        [
            [38, [38, 34, 18]]
        ],
        [
            [44, [44, 43, 42, 40]]
        ],
        [
            [46, [46, 37, 39]]
        ],
        [
            [48, [48, 49, 41, 45]]
        ],
        [
            [50, [50, 47]]
        ]
    ]
]
