solution = [
    [
        [
            [0, [48, 43, 41, 42, 45, 47, 22, 21, 8, 10, 11, 9, 23, 17, 18, 19, 15, 16, 12, 14, 13, 1, 7, 4, 3, 2, 5]],
            [48, []],
            [43, []],
            [41, []],
            [42, []],
            [45, []],
            [47, []],
            [22, []],
            [21, []],
            [8, []],
            [10, []],
            [11, []],
            [9, []],
            [25, [25]],
            [23, []],
            [17, []],
            [18, []],
            [19, []],
            [15, []],
            [16, []],
            [12, []],
            [14, []],
            [13, []],
            [1, []],
            [7, []],
            [4, []],
            [3, []],
            [2, []],
            [5, []]
        ],
        [
            [0, [20, 24, 27, 29, 30, 26, 28, 39, 36, 34, 33, 38, 37, 35, 31, 32, 6, 50, 46, 44, 40, 49]],
            [20, []],
            [24, []],
            [27, []],
            [29, []],
            [30, []],
            [26, []],
            [28, []],
            [39, []],
            [36, []],
            [34, []],
            [33, []],
            [38, []],
            [37, []],
            [35, []],
            [31, []],
            [32, []],
            [6, []],
            [50, []],
            [46, []],
            [44, []],
            [40, []],
            [49, []]
        ]
    ],
    [
        [
            [25, [25]]
        ]
    ]
]
