solution = [
    [
        [
            [0, [20, 22, 39, 40, 42, 41, 26, 25, 24, 23]],
            [20, [44, 43, 45, 46]],
            [22, []],
            [39, []],
            [40, []],
            [42, []],
            [44, []],
            [43, []],
            [41, []],
            [45, [47, 48, 49, 50]],
            [46, []],
            [47, []],
            [48, []],
            [49, []],
            [50, []],
            [26, []],
            [25, []],
            [24, []],
            [23, []]
        ],
        [
            [0, [6, 18, 10, 9, 8, 7, 15, 16, 17, 34, 33, 32, 31, 4, 5, 1, 2, 3, 14, 27, 28, 29, 30, 12, 11, 13, 21, 19]],
            [6, [36, 35, 37, 38]],
            [18, []],
            [36, []],
            [10, []],
            [9, []],
            [8, []],
            [7, []],
            [15, []],
            [16, []],
            [17, []],
            [35, []],
            [34, []],
            [33, []],
            [32, []],
            [31, []],
            [4, []],
            [5, []],
            [1, []],
            [2, []],
            [3, []],
            [14, []],
            [27, []],
            [28, []],
            [29, []],
            [37, []],
            [30, []],
            [38, []],
            [12, []],
            [11, []],
            [13, []],
            [21, []],
            [19, []]
        ]
    ],
    [
        [
            [6, [36, 35, 37, 38]]
        ],
        [
            [20, [44, 43, 45, 46]]
        ],
        [
            [45, [47, 48, 49, 50]]
        ]
    ]
]
