solution = [
    [
        [
            [0, [4, 2, 3]],
            [4, []],
            [2, []],
            [20, [20, 6, 7, 17]],
            [6, [28]],
            [7, []],
            [17, []],
            [28, []],
            [30, [30, 23, 33]],
            [23, []],
            [35, [35, 29, 12, 16]],
            [29, [41, 14, 27, 25]],
            [33, []],
            [12, []],
            [16, []],
            [41, []],
            [14, []],
            [27, []],
            [3, []],
            [25, []],
            [50, [50, 22, 24, 48]],
            [22, []],
            [44, [44, 37, 43, 46]],
            [37, []],
            [43, []],
            [46, []],
            [24, []],
            [48, []]
        ],
        [
            [0, [5]],
            [9, [9, 1]],
            [13, [13, 8, 10]],
            [8, []],
            [19, [19, 11, 15, 18]],
            [10, []],
            [11, []],
            [38, [38, 32, 31, 26]],
            [32, []],
            [31, []],
            [1, []],
            [5, []],
            [26, []],
            [36, [36, 39, 40, 21]],
            [15, [49, 47, 42, 34]],
            [40, []],
            [39, []],
            [18, []],
            [49, []],
            [21, []],
            [47, []],
            [42, []],
            [34, []],
            [45, [45]]
        ]
    ],
    [
        [
            [20, [20, 6, 7, 17]]
        ],
        [
            [9, [9, 1]]
        ],
        [
            [13, [13, 8, 10]]
        ],
        [
            [19, [19, 11, 15, 18]]
        ],
        [
            [6, [28]]
        ],
        [
            [30, [30, 23, 33]]
        ],
        [
            [38, [38, 32, 31, 26]]
        ],
        [
            [35, [35, 29, 12, 16]]
        ],
        [
            [29, [41, 14, 27, 25]]
        ],
        [
            [36, [36, 39, 40, 21]]
        ],
        [
            [15, [49, 47, 42, 34]]
        ],
        [
            [50, [50, 22, 24, 48]]
        ],
        [
            [45, [45]]
        ],
        [
            [44, [44, 37, 43, 46]]
        ]
    ]
]
