solution = [
    [
        [
            [0, [2, 4, 3]],
            [9, [9]],
            [13, [13, 8]],
            [8, [8]],
            [10, [10]],
            [19, [19, 16, 12, 21]],
            [2, []],
            [25, [25, 27, 14, 28]],
            [27, [27]],
            [14, [14]],
            [4, []],
            [3, []],
            [16, [16]],
            [34, [34, 41, 42, 39]],
            [41, [41]],
            [12, [12]],
            [42, [42]],
            [47, [47, 49, 40, 23]],
            [39, [39]],
            [49, [49]],
            [21, [30, 29]],
            [40, [40]],
            [28, [28]],
            [30, [30]],
            [23, [23]],
            [29, [29]]
        ],
        [
            [0, [5, 1]],
            [5, []],
            [18, [18, 17, 7, 11]],
            [17, [17]],
            [7, [7]],
            [15, [15, 6]],
            [1, []],
            [31, [31, 32, 22, 24]],
            [32, [32]],
            [38, [38, 26, 37]],
            [26, [26]],
            [36, [36, 20, 33]],
            [6, [6]],
            [20, [20]],
            [45, [45, 35, 44, 43]],
            [11, [11]],
            [33, [33]],
            [35, [35]],
            [50, [50, 46, 48]],
            [22, [22]],
            [44, [44]],
            [37, [37]],
            [43, [43]],
            [46, [46]],
            [24, [24]],
            [48, [48]]
        ]
    ],
    [
        [
            [18, [18, 17, 7, 11]]
        ],
        [
            [9, [9]]
        ],
        [
            [13, [13, 8]]
        ],
        [
            [10, [10]],
            [15, [15, 6]]
        ],
        [
            [19, [19, 16, 12, 21]]
        ],
        [
            [25, [25, 27, 14, 28]]
        ],
        [
            [31, [31, 32, 22, 24]]
        ],
        [
            [34, [34, 41, 42, 39]]
        ],
        [
            [38, [38, 26, 37]]
        ],
        [
            [36, [36, 20, 33]]
        ],
        [
            [45, [45, 35, 44, 43]]
        ],
        [
            [50, [50, 46, 48]]
        ],
        [
            [47, [47, 49, 40, 23]]
        ],
        [
            [21, [30, 29]]
        ]
    ]
]
