solution = [
    [
        [
            [0, [31, 10, 19, 11, 49, 36, 46, 47, 7, 18, 8, 45, 17, 16, 44, 5, 6, 2, 21, 26, 3, 33, 50, 1, 28]],
            [31, []],
            [10, []],
            [19, []],
            [11, []],
            [49, []],
            [36, []],
            [46, []],
            [47, []],
            [48, [48, 40, 12]],
            [7, []],
            [18, []],
            [8, []],
            [45, []],
            [17, []],
            [16, []],
            [44, []],
            [5, []],
            [6, []],
            [40, []],
            [2, []],
            [21, []],
            [26, []],
            [12, []],
            [3, []],
            [33, []],
            [50, []],
            [1, []],
            [28, []]
        ],
        [
            [0, [13, 37, 42, 14, 38, 43, 15, 41, 22, 23, 39, 4, 25, 24, 29, 34, 35, 9, 30, 20, 32, 27]],
            [13, []],
            [37, []],
            [42, []],
            [14, []],
            [38, []],
            [43, []],
            [15, []],
            [41, []],
            [22, []],
            [23, []],
            [39, []],
            [4, []],
            [25, []],
            [24, []],
            [29, []],
            [34, []],
            [35, []],
            [9, []],
            [30, []],
            [20, []],
            [32, []],
            [27, []]
        ]
    ],
    [
        [
            [48, [48, 40, 12]]
        ]
    ]
]
