solution = [
    [
        [
            [0, [44, 17, 45, 46, 36, 49, 48, 47, 8, 18, 27, 28, 24, 29, 34, 35, 9, 3, 33, 30, 20, 32, 10, 31]],
            [44, []],
            [17, []],
            [45, []],
            [46, []],
            [36, []],
            [49, []],
            [48, []],
            [47, []],
            [8, []],
            [18, []],
            [27, []],
            [28, []],
            [12, [12]],
            [24, []],
            [29, []],
            [34, []],
            [35, []],
            [9, []],
            [3, []],
            [33, []],
            [30, []],
            [20, []],
            [32, []],
            [10, []],
            [31, []]
        ],
        [
            [0, [15, 22, 40, 6, 26, 50, 1, 7, 19, 14, 38, 23, 39, 4]],
            [15, []],
            [22, [11, 43, 41, 25, 21, 13, 37]],
            [40, []],
            [13, []],
            [6, []],
            [26, []],
            [50, []],
            [1, []],
            [7, []],
            [11, []],
            [19, []],
            [5, [5, 16, 42, 2]],
            [16, []],
            [37, []],
            [42, []],
            [14, []],
            [38, []],
            [43, []],
            [41, []],
            [23, []],
            [39, []],
            [25, []],
            [4, []],
            [21, []],
            [2, []]
        ]
    ],
    [
        [
            [22, [11, 43, 41, 25, 21, 13, 37]]
        ],
        [
            [5, [5, 16, 42, 2]],
            [12, [12]]
        ]
    ]
]
