solution = [
    [
        [
            [0, []],
            [3, [3, 4]],
            [4, []],
            [5, [10, 5]],
            [10, []],
            [6, [6]]
        ],
        [
            [0, [2]],
            [1, [1]],
            [2, []],
            [9, [9, 8, 7]],
            [8, []],
            [7, []]
        ]
    ],
    [
        [
            [3, [3, 4]]
        ],
        [
            [5, [10, 5]],
            [1, [1]]
        ],
        [
            [9, [9, 8, 7]],
            [6, [6]]
        ]
    ]
]
