solution = [
    [
        [
            [0, [20, 25, 24, 21, 22, 7, 10, 8, 4, 3, 2, 5, 6, 9, 11, 1]],
            [20, []],
            [25, []],
            [24, []],
            [21, []],
            [22, []],
            [7, []],
            [10, []],
            [8, []],
            [4, []],
            [3, []],
            [2, []],
            [5, []],
            [6, []],
            [9, []],
            [11, []],
            [1, []]
        ],
        [
            [0, [17, 18, 19, 15, 16, 12, 14, 13, 23]],
            [17, []],
            [18, []],
            [19, []],
            [15, []],
            [16, []],
            [12, []],
            [14, []],
            [13, []],
            [23, []]
        ]
    ],
    [
    ]
]
