solution = [
    [
        [
            [0, []],
            [3, [3, 4]],
            [5, [10, 5]],
            [10, []],
            [4, []],
            [6, [6]]
        ],
        [
            [0, [1, 2]],
            [1, []],
            [2, []],
            [9, [9, 8, 7]],
            [8, []],
            [7, []]
        ]
    ],
    [
        [
            [3, [3, 4]]
        ],
        [
            [5, [10, 5]]
        ],
        [
            [6, [6]]
        ],
        [
            [9, [9, 8, 7]]
        ]
    ]
]
