solution = [
    [
        [
            [0, [27, 21, 4, 25, 39, 23, 22, 41, 15, 43, 38, 14, 42, 37, 5, 12, 29, 3, 28]],
            [27, []],
            [21, [16, 44, 24, 35, 2, 26, 33]],
            [4, []],
            [25, []],
            [39, []],
            [23, []],
            [22, []],
            [41, []],
            [15, []],
            [43, []],
            [38, []],
            [16, []],
            [44, []],
            [14, []],
            [42, []],
            [2, []],
            [37, []],
            [5, []],
            [26, []],
            [12, []],
            [24, []],
            [29, []],
            [35, []],
            [33, []],
            [3, []],
            [28, []]
        ],
        [
            [0, [50, 34, 9, 20, 32, 30, 1, 7, 18, 45, 8, 46, 48, 36, 49, 19, 11, 10, 31, 6, 13, 40]],
            [50, [17, 47]],
            [34, []],
            [9, []],
            [20, []],
            [32, []],
            [30, []],
            [1, []],
            [7, []],
            [18, []],
            [17, []],
            [45, []],
            [8, []],
            [46, []],
            [48, []],
            [47, []],
            [36, []],
            [49, []],
            [19, []],
            [11, []],
            [10, []],
            [31, []],
            [6, []],
            [13, []],
            [40, []]
        ]
    ],
    [
        [
            [50, [17, 47]]
        ],
        [
            [21, [16, 44, 24, 35, 2, 26, 33]]
        ]
    ]
]
