solution = [
    [
        [
            [0, [12, 24, 29, 3, 26, 40, 21, 4, 25, 39, 23, 22, 41, 15, 43, 38, 44, 14, 42, 37, 16, 17, 5, 6, 13, 2]],
            [12, []],
            [24, []],
            [29, []],
            [3, []],
            [26, []],
            [40, []],
            [21, []],
            [4, []],
            [25, []],
            [39, []],
            [23, []],
            [22, []],
            [41, []],
            [15, []],
            [43, []],
            [38, []],
            [44, []],
            [14, []],
            [42, []],
            [37, []],
            [16, []],
            [17, []],
            [5, []],
            [6, []],
            [13, []],
            [2, []]
        ],
        [
            [0, [28, 50, 20, 35, 34, 33, 9, 30, 1, 7, 18, 8, 45, 46, 36, 49, 47, 48, 19, 11, 32, 10, 31, 27]],
            [28, []],
            [50, []],
            [20, []],
            [35, []],
            [34, []],
            [33, []],
            [9, []],
            [30, []],
            [1, []],
            [7, []],
            [18, []],
            [8, []],
            [45, []],
            [46, []],
            [36, []],
            [49, []],
            [47, []],
            [48, []],
            [19, []],
            [11, []],
            [32, []],
            [10, []],
            [31, []],
            [27, []]
        ]
    ],
    [
    ]
]
