solution = [
    [
        [
            [0, [5, 4, 1, 2]],
            [5, []],
            [4, []],
            [1, []],
            [2, []],
            [3, [3]]
        ],
        [
            [0, []],
            [10, [10]],
            [8, [6, 8, 7]],
            [9, [9]],
            [6, []],
            [7, []]
        ]
    ],
    [
        [
            [10, [10]]
        ],
        [
            [8, [6, 8, 7]],
            [3, [3]]
        ],
        [
            [9, [9]]
        ]
    ]
]
