solution = [
    [
        [
            [0, [5, 4, 3, 1, 10, 13, 8, 7, 6, 19, 17, 16, 14, 27, 26, 23, 22, 35, 33, 32, 30, 29, 28, 41, 40, 39, 38, 50, 46]],
            [5, []],
            [4, []],
            [3, []],
            [1, []],
            [10, []],
            [13, []],
            [8, []],
            [7, []],
            [6, []],
            [19, []],
            [17, []],
            [16, []],
            [14, []],
            [27, []],
            [26, []],
            [23, []],
            [22, []],
            [35, []],
            [33, []],
            [32, []],
            [30, []],
            [29, []],
            [28, []],
            [41, []],
            [40, []],
            [39, []],
            [38, []],
            [50, []],
            [46, []]
        ],
        [
            [0, [2, 12, 11, 9, 15, 21, 20, 18, 24, 25, 34, 31, 37, 36, 45, 44, 43, 42, 47, 48, 49]],
            [2, []],
            [12, []],
            [11, []],
            [9, []],
            [15, []],
            [21, []],
            [20, []],
            [18, []],
            [24, []],
            [25, []],
            [34, []],
            [31, []],
            [37, []],
            [36, []],
            [45, []],
            [44, []],
            [43, []],
            [42, []],
            [47, []],
            [48, []],
            [49, []]
        ]
    ],
    [
    ]
]
