solution = [
    [
        [
            [0, [1]],
            [10, [10, 3]],
            [3, []],
            [1, []],
            [4, [4]]
        ],
        [
            [0, []],
            [5, [5, 2]],
            [2, []],
            [6, [7, 8, 6]],
            [9, [9]],
            [8, []],
            [7, []]
        ]
    ],
    [
        [
            [5, [5, 2]]
        ],
        [
            [10, [10, 3]]
        ],
        [
            [6, [7, 8, 6]],
            [4, [4]]
        ],
        [
            [9, [9]]
        ]
    ]
]
