solution = [
    [
        [
            [0, [5, 6, 4, 3, 15, 13, 1, 24, 23, 21, 19, 20, 36, 34, 33, 32, 35, 18, 17]],
            [5, []],
            [6, []],
            [4, []],
            [3, []],
            [15, [48, 42]],
            [13, []],
            [1, []],
            [24, []],
            [23, []],
            [21, []],
            [19, []],
            [20, []],
            [36, []],
            [42, []],
            [48, []],
            [34, []],
            [33, []],
            [32, []],
            [35, []],
            [18, []],
            [17, []]
        ],
        [
            [0, [8, 7, 2, 14, 16, 12, 11, 10, 9, 22, 30, 29, 31, 28, 27, 26, 25]],
            [8, [39, 38, 37, 41, 40]],
            [7, []],
            [2, []],
            [14, [50, 49, 47, 46, 43, 44, 45]],
            [16, []],
            [12, []],
            [11, []],
            [10, []],
            [9, []],
            [22, []],
            [30, []],
            [29, []],
            [31, []],
            [28, []],
            [27, []],
            [26, []],
            [39, []],
            [38, []],
            [37, []],
            [50, []],
            [49, []],
            [41, []],
            [40, []],
            [25, []],
            [47, []],
            [46, []],
            [43, []],
            [44, []],
            [45, []]
        ]
    ],
    [
        [
            [15, [48, 42]]
        ],
        [
            [8, [39, 38, 37, 41, 40]]
        ],
        [
            [14, [50, 49, 47, 46, 43, 44, 45]]
        ]
    ]
]
