solution = [
    [
        [
            [0, [4, 1, 2, 5]],
            [4, []],
            [1, []],
            [2, []],
            [5, []],
            [3, [3]]
        ],
        [
            [0, []],
            [10, [10]],
            [8, [8, 6]],
            [9, [9, 7]],
            [6, []],
            [7, []]
        ]
    ],
    [
        [
            [10, [10]]
        ],
        [
            [8, [8, 6]],
            [3, [3]]
        ],
        [
            [9, [9, 7]]
        ]
    ]
]
