solution = [
    [
        [
            [0, []],
            [4, [4]],
            [10, [10]],
            [9, [9, 6]],
            [6, []]
        ],
        [
            [0, [1]],
            [1, [2, 5, 3]],
            [2, []],
            [5, [8, 7]],
            [3, []],
            [7, []],
            [8, []]
        ]
    ],
    [
        [
            [4, [4]]
        ],
        [
            [1, [2, 5, 3]],
            [10, [10]]
        ],
        [
            [5, [8, 7]],
            [9, [9, 6]]
        ]
    ]
]
