solution = [
    [
        [
            [0, [2, 1, 4, 3, 5]],
            [2, []],
            [1, []],
            [4, []],
            [7, [7]],
            [3, []],
            [5, []]
        ],
        [
            [0, []],
            [10, [10]],
            [8, [8, 6]],
            [9, [9]],
            [6, []]
        ]
    ],
    [
        [
            [10, [10]]
        ],
        [
            [8, [8, 6]],
            [7, [7]]
        ],
        [
            [9, [9]]
        ]
    ]
]
