solution = [
    [
        [
            [0, [10]],
            [10, []],
            [5, [5]],
            [7, [7]]
        ],
        [
            [0, [1]],
            [3, [3, 2, 4]],
            [2, []],
            [1, []],
            [4, []],
            [8, [8, 6]],
            [9, [9]],
            [6, []]
        ]
    ],
    [
        [
            [3, [3, 2, 4]]
        ],
        [
            [8, [8, 6]],
            [5, [5]]
        ],
        [
            [9, [9]],
            [7, [7]]
        ]
    ]
]
