solution = [
    [
        [
            [0, [28, 1, 50, 3, 29, 24, 12, 26, 21, 4, 25, 39, 23, 22, 41, 15, 43, 38, 44, 14, 42, 37, 16, 5, 6, 13, 2]],
            [28, []],
            [1, []],
            [50, []],
            [3, []],
            [29, []],
            [24, []],
            [12, []],
            [26, []],
            [21, []],
            [4, []],
            [25, []],
            [39, []],
            [23, []],
            [22, []],
            [41, []],
            [15, []],
            [43, []],
            [38, []],
            [44, []],
            [14, []],
            [42, []],
            [37, []],
            [16, []],
            [5, []],
            [6, []],
            [13, []],
            [2, []]
        ],
        [
            [0, [40, 30, 9, 33, 34, 35, 20, 32, 10, 11, 19, 48, 47, 49, 36, 46, 17, 45, 8, 18, 7, 31, 27]],
            [40, []],
            [30, []],
            [9, []],
            [33, []],
            [34, []],
            [35, []],
            [20, []],
            [32, []],
            [10, []],
            [11, []],
            [19, []],
            [48, []],
            [47, []],
            [49, []],
            [36, []],
            [46, []],
            [17, []],
            [45, []],
            [8, []],
            [18, []],
            [7, []],
            [31, []],
            [27, []]
        ]
    ],
    [
    ]
]
