solution = [
    [
        [
            [0, [1]],
            [4, [3, 4]],
            [1, []],
            [3, []],
            [10, [10]]
        ],
        [
            [0, []],
            [2, [2, 5]],
            [5, [8, 6]],
            [8, []],
            [9, [9, 7]],
            [6, []],
            [7, []]
        ]
    ],
    [
        [
            [4, [3, 4]],
            [2, [2, 5]]
        ],
        [
            [5, [8, 6]],
            [10, [10]]
        ],
        [
            [9, [9, 7]]
        ]
    ]
]
