solution = [
    [
        [
            [0, [3, 5, 1, 2]],
            [3, []],
            [5, []],
            [1, []],
            [2, []],
            [4, [4]]
        ],
        [
            [0, []],
            [10, [10]],
            [8, [8, 6, 7]],
            [9, [9]],
            [6, []],
            [7, []]
        ]
    ],
    [
        [
            [10, [10]]
        ],
        [
            [8, [8, 6, 7]],
            [4, [4]]
        ],
        [
            [9, [9]]
        ]
    ]
]
