solution = [
    [
        [
            [0, [23, 25, 28, 5, 29, 15, 27, 17, 20, 6, 30, 19, 16, 4, 31, 22, 26, 13, 32, 33]],
            [23, []],
            [25, []],
            [28, []],
            [5, [46, 47, 41, 36, 39, 38]],
            [29, []],
            [15, []],
            [46, [46]],
            [36, [36]],
            [39, [39]],
            [27, []],
            [17, []],
            [20, []],
            [6, []],
            [30, []],
            [19, []],
            [16, []],
            [4, []],
            [41, [41]],
            [31, []],
            [22, []],
            [26, []],
            [13, []],
            [32, []],
            [33, []],
            [47, [47]],
            [38, [38]]
        ],
        [
            [0, [14, 3, 10, 24, 35, 34, 8, 11, 21, 7, 9, 18, 1, 2, 37, 12]],
            [14, [48, 50, 49, 45, 43, 44, 42, 40]],
            [3, []],
            [10, []],
            [24, []],
            [35, []],
            [34, []],
            [45, [45]],
            [48, [48]],
            [8, []],
            [11, []],
            [21, []],
            [50, [50]],
            [43, [43]],
            [49, [49]],
            [7, []],
            [44, [44]],
            [9, []],
            [42, [42]],
            [18, []],
            [40, [40]],
            [1, []],
            [2, []],
            [37, []],
            [12, []]
        ]
    ],
    [
        [
            [5, [46, 47, 41, 36, 39, 38]]
        ],
        [
            [14, [48, 50, 49, 45, 43, 44, 42, 40]]
        ]
    ]
]
