solution = [
    [
        [
            [0, [3, 4]],
            [5, [5, 6, 7]],
            [3, []],
            [6, [19, 13, 15, 25, 21, 23, 24, 26]],
            [7, []],
            [19, []],
            [13, []],
            [25, []],
            [46, [46, 47, 39, 27, 33, 37, 20, 30]],
            [39, []],
            [47, []],
            [15, []],
            [27, [44, 50, 40, 48, 43, 38]],
            [48, []],
            [23, []],
            [40, []],
            [50, []],
            [33, []],
            [4, []],
            [44, []],
            [21, []],
            [37, []],
            [24, []],
            [26, []],
            [43, []],
            [20, []],
            [38, []],
            [30, []]
        ],
        [
            [0, [2, 1]],
            [14, [14, 8, 16, 10, 12, 9, 11]],
            [2, []],
            [8, []],
            [16, []],
            [28, [28, 35, 34, 17, 22, 18, 29]],
            [35, [41, 49, 36, 42, 32, 31, 45]],
            [34, []],
            [17, []],
            [10, []],
            [12, []],
            [41, []],
            [49, []],
            [36, []],
            [1, []],
            [42, []],
            [22, []],
            [32, []],
            [9, []],
            [18, []],
            [45, []],
            [29, []],
            [11, []],
            [31, []]
        ]
    ],
    [
        [
            [5, [5, 6, 7]]
        ],
        [
            [14, [14, 8, 16, 10, 12, 9, 11]]
        ],
        [
            [6, [19, 13, 15, 25, 21, 23, 24, 26]]
        ],
        [
            [28, [28, 35, 34, 17, 22, 18, 29]]
        ],
        [
            [35, [41, 49, 36, 42, 32, 31, 45]]
        ],
        [
            [46, [46, 47, 39, 27, 33, 37, 20, 30]]
        ],
        [
            [27, [44, 50, 40, 48, 43, 38]]
        ]
    ]
]
