solution = [
    [
        [
            [0, []],
            [9, [9, 8, 11]],
            [8, [8]],
            [16, [16, 18, 17]],
            [14, [14, 19]],
            [18, [18]],
            [19, [19]],
            [17, [17]],
            [30, [30, 27, 29]],
            [28, [28, 26]],
            [26, [26]],
            [27, [27]],
            [11, [11]],
            [41, [41, 40, 39, 38]],
            [40, [40]],
            [39, [39]],
            [38, [38]],
            [29, [29]],
            [42, [42, 43, 44, 49, 48]],
            [43, [43]],
            [44, [44]],
            [49, [49]],
            [48, [48]]
        ],
        [
            [0, [2, 3, 1, 6, 4, 5]],
            [2, []],
            [3, []],
            [13, [13, 7]],
            [7, [7]],
            [10, [10, 12]],
            [12, [12]],
            [15, [15]],
            [1, []],
            [6, []],
            [4, []],
            [21, [21, 22, 23, 24, 25]],
            [22, [22]],
            [23, [23]],
            [24, [24]],
            [20, [20]],
            [33, [33, 31, 32, 34, 35, 36, 37]],
            [31, [31]],
            [32, [32]],
            [34, [34]],
            [35, [35]],
            [36, [36]],
            [37, [37]],
            [50, [50, 45, 46, 47]],
            [25, [25]],
            [45, [45]],
            [46, [46]],
            [47, [47]],
            [5, []]
        ]
    ],
    [
        [
            [13, [13, 7]],
            [9, [9, 8, 11]]
        ],
        [
            [10, [10, 12]]
        ],
        [
            [16, [16, 18, 17]]
        ],
        [
            [14, [14, 19]],
            [15, [15]]
        ],
        [
            [21, [21, 22, 23, 24, 25]]
        ],
        [
            [30, [30, 27, 29]],
            [20, [20]]
        ],
        [
            [28, [28, 26]]
        ],
        [
            [33, [33, 31, 32, 34, 35, 36, 37]]
        ],
        [
            [41, [41, 40, 39, 38]]
        ],
        [
            [50, [50, 45, 46, 47]]
        ],
        [
            [42, [42, 43, 44, 49, 48]]
        ]
    ]
]
