solution = [
    [
        [
            [0, []],
            [9, [9, 8, 11]],
            [8, []],
            [16, [16, 18, 17]],
            [14, [14, 19]],
            [18, []],
            [19, []],
            [17, []],
            [30, [30, 27, 29]],
            [28, [28, 26]],
            [26, []],
            [27, []],
            [11, []],
            [41, [41, 40, 39, 38]],
            [40, []],
            [39, []],
            [38, []],
            [29, []],
            [42, [42, 43, 44, 49, 48]],
            [43, []],
            [44, []],
            [49, []],
            [48, []]
        ],
        [
            [0, [2, 3, 1, 6, 4, 5]],
            [2, []],
            [3, []],
            [13, [13, 7]],
            [7, []],
            [10, [10, 12]],
            [12, []],
            [15, [15, 21, 22, 23, 24, 25]],
            [1, []],
            [6, []],
            [4, []],
            [21, []],
            [22, []],
            [23, []],
            [24, []],
            [20, [20]],
            [33, [33, 31, 32, 34, 35, 36, 37]],
            [31, []],
            [32, []],
            [34, []],
            [35, []],
            [36, []],
            [37, []],
            [50, [50, 45, 46, 47]],
            [25, []],
            [45, []],
            [46, []],
            [47, []],
            [5, []]
        ]
    ],
    [
        [
            [13, [13, 7]],
            [9, [9, 8, 11]]
        ],
        [
            [10, [10, 12]]
        ],
        [
            [16, [16, 18, 17]]
        ],
        [
            [14, [14, 19]]
        ],
        [
            [15, [15, 21, 22, 23, 24, 25]]
        ],
        [
            [30, [30, 27, 29]],
            [20, [20]]
        ],
        [
            [28, [28, 26]]
        ],
        [
            [33, [33, 31, 32, 34, 35, 36, 37]]
        ],
        [
            [41, [41, 40, 39, 38]]
        ],
        [
            [50, [50, 45, 46, 47]]
        ],
        [
            [42, [42, 43, 44, 49, 48]]
        ]
    ]
]
