solution = [
    [
        [
            [0, [17, 13, 26, 36, 28, 38, 12, 10, 22, 14, 24, 34, 5, 19, 11, 23, 6, 39, 35, 29, 7, 33, 3, 16]],
            [17, []],
            [13, []],
            [26, []],
            [36, []],
            [28, []],
            [48, [48, 43, 50, 46, 44, 47]],
            [38, []],
            [12, []],
            [43, [43]],
            [50, [50]],
            [10, []],
            [22, []],
            [14, []],
            [24, []],
            [34, []],
            [5, []],
            [19, []],
            [11, []],
            [23, []],
            [6, []],
            [39, []],
            [35, []],
            [46, [46]],
            [29, []],
            [7, []],
            [44, [44]],
            [33, []],
            [47, [47]],
            [3, []],
            [16, []]
        ],
        [
            [0, [32, 30, 15, 42, 21, 20, 37, 27, 9, 41, 31, 25, 40, 8, 1, 4, 2, 18]],
            [49, [49, 45]],
            [32, []],
            [30, []],
            [45, [45]],
            [15, []],
            [42, []],
            [21, []],
            [20, []],
            [37, []],
            [27, []],
            [9, []],
            [41, []],
            [31, []],
            [25, []],
            [40, []],
            [8, []],
            [1, []],
            [4, []],
            [2, []],
            [18, []]
        ]
    ],
    [
        [
            [49, [49, 45]]
        ],
        [
            [48, [48, 43, 50, 46, 44, 47]]
        ]
    ]
]
