solution = [
    [
        [
            [0, [2, 14, 18, 15, 6, 36, 23, 1, 37, 39, 31, 19, 12, 5, 17, 28, 41, 22, 25, 42, 33, 29, 9, 20, 34, 27, 40]],
            [2, []],
            [14, []],
            [18, []],
            [15, []],
            [6, []],
            [36, []],
            [23, []],
            [1, []],
            [37, []],
            [39, []],
            [31, [47, 50, 44, 43]],
            [19, []],
            [12, []],
            [5, []],
            [17, []],
            [47, [47]],
            [28, []],
            [41, []],
            [22, []],
            [25, []],
            [42, []],
            [33, []],
            [29, []],
            [9, []],
            [20, []],
            [43, [43]],
            [34, []],
            [50, [50]],
            [27, []],
            [44, [44]],
            [40, []]
        ],
        [
            [0, [21, 16, 46, 30, 10, 45, 26, 35, 32, 3, 48, 11, 13, 4, 38, 24, 7, 49, 8]],
            [21, []],
            [16, []],
            [46, []],
            [30, []],
            [10, []],
            [45, []],
            [26, []],
            [35, []],
            [32, []],
            [3, []],
            [48, []],
            [11, []],
            [13, []],
            [4, []],
            [38, []],
            [24, []],
            [7, []],
            [49, []],
            [8, []]
        ]
    ],
    [
        [
            [31, [47, 50, 44, 43]]
        ]
    ]
]
