solution = [
    [
        [
            [0, [8]],
            [12, [12]],
            [8, [23, 24, 22, 15, 16, 9]],
            [24, []],
            [23, []],
            [22, [29, 28, 26, 30, 31, 25]],
            [29, []],
            [30, []],
            [31, []],
            [28, []],
            [26, []],
            [25, []],
            [9, []],
            [15, []],
            [16, [44, 45, 43]],
            [43, []],
            [44, []],
            [45, []]
        ],
        [
            [0, [4, 2, 7, 3, 6, 5, 1]],
            [4, []],
            [2, []],
            [7, []],
            [3, []],
            [6, []],
            [5, []],
            [13, [13, 11, 14, 10]],
            [11, []],
            [14, []],
            [10, []],
            [1, []],
            [19, [19, 20, 17, 18]],
            [20, []],
            [17, [21]],
            [35, [35, 33, 32, 34, 27]],
            [33, []],
            [32, []],
            [34, [36, 42, 41, 40, 37, 38, 39]],
            [18, []],
            [21, [50, 49, 48, 47, 46]],
            [36, []],
            [50, []],
            [49, []],
            [42, []],
            [41, []],
            [40, []],
            [37, []],
            [38, []],
            [39, []],
            [48, []],
            [47, []],
            [46, []],
            [27, []]
        ]
    ],
    [
        [
            [13, [13, 11, 14, 10]],
            [12, [12]]
        ],
        [
            [19, [19, 20, 17, 18]]
        ],
        [
            [8, [23, 24, 22, 15, 16, 9]]
        ],
        [
            [17, [21]],
            [22, [29, 28, 26, 30, 31, 25]]
        ],
        [
            [35, [35, 33, 32, 34, 27]]
        ],
        [
            [34, [36, 42, 41, 40, 37, 38, 39]]
        ],
        [
            [16, [44, 45, 43]]
        ],
        [
            [21, [50, 49, 48, 47, 46]]
        ]
    ]
]
