solution = [
    [
        [
            [0, [22, 23, 24, 25, 46, 45, 18, 20, 21, 44, 43, 42, 40, 41, 19, 17]],
            [22, [50, 49, 48, 47]],
            [23, []],
            [24, []],
            [25, []],
            [50, []],
            [49, []],
            [48, []],
            [47, []],
            [46, []],
            [45, []],
            [18, []],
            [20, []],
            [21, []],
            [44, []],
            [43, []],
            [42, []],
            [40, []],
            [41, []],
            [19, []],
            [17, []]
        ],
        [
            [0, [26, 27, 28, 29, 11, 9, 10, 12, 3, 2, 32, 4, 30, 31, 33, 35, 34, 1, 5, 6, 7, 8, 37, 36, 16, 15, 14, 13]],
            [26, [39, 38]],
            [27, []],
            [28, []],
            [39, []],
            [29, []],
            [38, []],
            [11, []],
            [9, []],
            [10, []],
            [12, []],
            [3, []],
            [2, []],
            [32, []],
            [4, []],
            [30, []],
            [31, []],
            [33, []],
            [35, []],
            [34, []],
            [1, []],
            [5, []],
            [6, []],
            [7, []],
            [8, []],
            [37, []],
            [36, []],
            [16, []],
            [15, []],
            [14, []],
            [13, []]
        ]
    ],
    [
        [
            [26, [39, 38]]
        ],
        [
            [22, [50, 49, 48, 47]]
        ]
    ]
]
