solution = [
    [
        [
            [0, [11, 49, 19, 46, 36, 47, 45, 17, 16, 44, 42, 2, 13, 40, 26, 28, 1, 50, 9, 20, 30, 10, 31, 27]],
            [11, [32, 34, 12]],
            [49, []],
            [19, []],
            [46, [37]],
            [36, []],
            [47, []],
            [45, []],
            [17, []],
            [16, []],
            [44, []],
            [37, []],
            [42, []],
            [2, []],
            [13, []],
            [40, []],
            [26, []],
            [12, []],
            [28, []],
            [1, []],
            [50, []],
            [34, []],
            [9, []],
            [20, []],
            [32, []],
            [30, []],
            [10, []],
            [31, []],
            [27, []]
        ],
        [
            [0, [35, 33, 3, 29, 24, 21, 22, 4, 25, 39, 23, 41, 15, 38, 43, 14, 5, 8, 48, 7, 18, 6]],
            [35, []],
            [33, []],
            [3, []],
            [29, []],
            [24, []],
            [21, []],
            [22, []],
            [4, []],
            [25, []],
            [39, []],
            [23, []],
            [41, []],
            [15, []],
            [38, []],
            [43, []],
            [14, []],
            [5, []],
            [8, []],
            [48, []],
            [7, []],
            [18, []],
            [6, []]
        ]
    ],
    [
        [
            [11, [32, 34, 12]]
        ],
        [
            [46, [37]]
        ]
    ]
]
