solution = [
    [
        [
            [0, [12, 34, 3, 15, 5, 20, 45, 4, 2, 46, 38, 25, 18, 11, 28, 7, 30, 19, 42, 48, 1]],
            [12, []],
            [34, []],
            [3, []],
            [15, []],
            [5, []],
            [20, []],
            [45, []],
            [4, []],
            [2, []],
            [46, []],
            [38, []],
            [25, []],
            [18, []],
            [11, []],
            [28, []],
            [7, []],
            [30, []],
            [19, []],
            [42, []],
            [48, []],
            [1, []]
        ],
        [
            [0, [10, 26, 17, 31, 24, 49, 8, 21, 37, 6, 40, 36, 47, 35, 13, 27, 14, 44, 43, 39, 33, 32, 9, 41, 16, 29, 22, 23, 50]],
            [10, []],
            [26, []],
            [17, []],
            [31, []],
            [24, []],
            [49, []],
            [8, []],
            [21, []],
            [37, []],
            [6, []],
            [40, []],
            [36, []],
            [47, []],
            [35, []],
            [13, []],
            [27, []],
            [14, []],
            [44, []],
            [43, []],
            [39, []],
            [33, []],
            [32, []],
            [9, []],
            [41, []],
            [16, []],
            [29, []],
            [22, []],
            [23, []],
            [50, []]
        ]
    ],
    [
    ]
]
