solution = [
    [
        [
            [0, [19, 3]],
            [18, [18, 20, 21, 22, 17, 15]],
            [22, [22]],
            [20, [20]],
            [21, [21]],
            [19, []],
            [17, [17]],
            [28, [28, 33, 31, 32, 34, 35, 29, 30]],
            [33, [33]],
            [31, [31]],
            [32, [32]],
            [34, [34]],
            [35, [35]],
            [30, [30]],
            [15, [43, 42]],
            [43, [43]],
            [42, [42]],
            [29, [48, 47]],
            [48, [48]],
            [47, [47]],
            [3, []]
        ],
        [
            [0, [4, 5, 2, 6, 1]],
            [4, []],
            [5, []],
            [9, [9, 7, 10, 12, 11, 8]],
            [7, [7]],
            [13, [13]],
            [2, []],
            [16, [16]],
            [10, [10]],
            [23, [23, 24, 25, 26, 27, 14]],
            [24, [24]],
            [25, [25]],
            [26, [26]],
            [27, [27]],
            [12, [12]],
            [11, [11]],
            [8, [8]],
            [14, [14]],
            [6, [44, 41, 36, 39, 46, 38, 37, 45]],
            [44, [44]],
            [41, [41]],
            [38, [38]],
            [37, [37]],
            [36, [50, 49, 40]],
            [39, [39]],
            [50, [50]],
            [49, [49]],
            [46, [46]],
            [45, [45]],
            [40, [40]],
            [1, []]
        ]
    ],
    [
        [
            [9, [9, 7, 10, 12, 11, 8]]
        ],
        [
            [13, [13]]
        ],
        [
            [18, [18, 20, 21, 22, 17, 15]],
            [16, [16]]
        ],
        [
            [23, [23, 24, 25, 26, 27, 14]]
        ],
        [
            [28, [28, 33, 31, 32, 34, 35, 29, 30]]
        ],
        [
            [15, [43, 42]]
        ],
        [
            [6, [44, 41, 36, 39, 46, 38, 37, 45]]
        ],
        [
            [29, [48, 47]]
        ],
        [
            [36, [50, 49, 40]]
        ]
    ]
]
