solution = [
    [
        [
            [0, []],
            [11, [11, 12, 6, 5, 8, 10]],
            [12, []],
            [10, []],
            [25, [25, 26, 23, 19, 20, 22, 18]],
            [22, []],
            [28, [28, 33, 34, 30, 29]],
            [26, []],
            [33, []],
            [6, []],
            [5, []],
            [23, []],
            [8, []],
            [19, []],
            [50, [50, 44, 42, 46, 45, 48, 40, 31]],
            [44, []],
            [42, []],
            [34, []],
            [46, []],
            [20, []],
            [30, []],
            [45, []],
            [31, []],
            [40, []],
            [48, []],
            [18, []],
            [29, []]
        ],
        [
            [0, [3]],
            [1, [1, 2, 9, 4, 7]],
            [2, []],
            [3, []],
            [9, []],
            [21, [21, 15, 17]],
            [15, []],
            [4, []],
            [35, [35, 24, 14, 13, 16, 27]],
            [17, []],
            [43, [43, 37, 41, 38, 32, 39, 36]],
            [37, []],
            [24, []],
            [41, []],
            [38, []],
            [32, []],
            [14, []],
            [47, [47, 49]],
            [39, []],
            [13, []],
            [16, []],
            [7, []],
            [49, []],
            [27, []],
            [36, []]
        ]
    ],
    [
        [
            [11, [11, 12, 6, 5, 8, 10]]
        ],
        [
            [1, [1, 2, 9, 4, 7]]
        ],
        [
            [21, [21, 15, 17]]
        ],
        [
            [25, [25, 26, 23, 19, 20, 22, 18]]
        ],
        [
            [35, [35, 24, 14, 13, 16, 27]]
        ],
        [
            [28, [28, 33, 34, 30, 29]]
        ],
        [
            [43, [43, 37, 41, 38, 32, 39, 36]]
        ],
        [
            [50, [50, 44, 42, 46, 45, 48, 40, 31]]
        ],
        [
            [47, [47, 49]]
        ]
    ]
]
