solution = [
    [
        [
            [0, [3, 5]],
            [17, [17, 8, 18, 19, 16]],
            [8, []],
            [18, []],
            [19, []],
            [3, []],
            [16, []],
            [5, []],
            [25, [25, 23, 20, 29]],
            [23, []],
            [20, [27, 28, 38, 34, 32]],
            [27, []],
            [28, []],
            [38, []],
            [39, [39]],
            [29, []],
            [46, [46, 47, 50, 42, 45, 40]],
            [47, []],
            [34, []],
            [32, []],
            [50, []],
            [42, []],
            [45, []],
            [40, []]
        ],
        [
            [0, [6, 2]],
            [13, [13, 14, 12, 9, 10, 11, 15, 7]],
            [14, [1]],
            [1, []],
            [12, []],
            [26, [26, 4, 21]],
            [24, [24, 31]],
            [4, []],
            [21, []],
            [6, []],
            [2, []],
            [31, []],
            [35, [35, 37, 22, 30, 33, 36]],
            [9, []],
            [37, []],
            [22, []],
            [10, []],
            [11, []],
            [30, []],
            [15, []],
            [33, []],
            [41, [41, 43, 49, 48, 44]],
            [43, []],
            [49, []],
            [48, []],
            [36, []],
            [7, []],
            [44, []]
        ]
    ],
    [
        [
            [13, [13, 14, 12, 9, 10, 11, 15, 7]]
        ],
        [
            [17, [17, 8, 18, 19, 16]],
            [14, [1]]
        ],
        [
            [25, [25, 23, 20, 29]]
        ],
        [
            [26, [26, 4, 21]]
        ],
        [
            [24, [24, 31]]
        ],
        [
            [20, [27, 28, 38, 34, 32]]
        ],
        [
            [35, [35, 37, 22, 30, 33, 36]]
        ],
        [
            [41, [41, 43, 49, 48, 44]]
        ],
        [
            [39, [39]]
        ],
        [
            [46, [46, 47, 50, 42, 45, 40]]
        ]
    ]
]
