solution = [
    [
        [
            [0, [1]],
            [10, [10, 11, 9, 6, 8, 5, 7]],
            [11, [11]],
            [2, [2]],
            [1, []],
            [9, [9]],
            [6, [6]],
            [7, [7]],
            [8, [8]],
            [5, [20, 24, 23, 25, 26, 39, 21, 22]],
            [20, [50, 46, 45, 44, 43, 40, 41, 42]],
            [21, [21]],
            [22, [22]],
            [43, [43]],
            [44, [44]],
            [45, [45]],
            [46, [46]],
            [50, [50]],
            [42, [42]],
            [41, [41]],
            [24, [24]],
            [23, [23]],
            [25, [25]],
            [26, [26]],
            [40, [40]],
            [39, [39]]
        ],
        [
            [0, [4, 3]],
            [12, [12, 14, 16, 15, 13, 17]],
            [14, [14]],
            [31, [31, 32, 27, 33, 19]],
            [32, [32]],
            [17, [17]],
            [16, [16]],
            [15, [15]],
            [13, [13]],
            [27, [48, 47, 49, 28, 34, 38, 30, 29]],
            [33, [33]],
            [34, [34]],
            [48, [48]],
            [47, [47]],
            [49, [49]],
            [38, [38]],
            [30, [30]],
            [29, [29]],
            [28, [35, 36, 37, 18]],
            [35, [35]],
            [36, [36]],
            [37, [37]],
            [19, [19]],
            [18, [18]],
            [4, []],
            [3, []]
        ]
    ],
    [
        [
            [10, [10, 11, 9, 6, 8, 5, 7]]
        ],
        [
            [12, [12, 14, 16, 15, 13, 17]],
            [2, [2]]
        ],
        [
            [5, [20, 24, 23, 25, 26, 39, 21, 22]]
        ],
        [
            [31, [31, 32, 27, 33, 19]]
        ],
        [
            [20, [50, 46, 45, 44, 43, 40, 41, 42]]
        ],
        [
            [27, [48, 47, 49, 28, 34, 38, 30, 29]]
        ],
        [
            [28, [35, 36, 37, 18]]
        ]
    ]
]
