solution = [
    [
        [
            [0, [4, 3]],
            [10, [10, 14, 17, 16, 19, 20, 18, 9]],
            [4, []],
            [14, [14]],
            [9, [9]],
            [17, [17]],
            [16, [16]],
            [19, [27, 22, 7]],
            [27, [27]],
            [20, [20]],
            [38, [38, 36, 37, 39]],
            [36, [36]],
            [37, [37]],
            [39, [39]],
            [18, [18]],
            [22, [22]],
            [3, []],
            [7, [47, 48, 49]],
            [47, [47]],
            [48, [48]],
            [49, [49]]
        ],
        [
            [0, [2, 5, 1]],
            [13, [13, 12, 8, 15, 11, 6, 21]],
            [12, [12]],
            [8, [8]],
            [15, [15]],
            [11, [11]],
            [6, [6]],
            [2, [25, 33, 31, 34, 24, 23, 26, 28]],
            [25, [25]],
            [33, [33]],
            [31, [31]],
            [34, [34]],
            [24, [24]],
            [23, [23]],
            [21, [42, 40, 41, 44, 43, 45, 29, 30]],
            [42, [42]],
            [40, [40]],
            [41, [41]],
            [44, [44]],
            [43, [43]],
            [45, [45]],
            [26, [26]],
            [28, [46, 50, 35, 32]],
            [29, [29]],
            [30, [30]],
            [46, [46]],
            [50, [50]],
            [35, [35]],
            [32, [32]],
            [5, []],
            [1, []]
        ]
    ],
    [
        [
            [10, [10, 14, 17, 16, 19, 20, 18, 9]]
        ],
        [
            [13, [13, 12, 8, 15, 11, 6, 21]]
        ],
        [
            [2, [25, 33, 31, 34, 24, 23, 26, 28]]
        ],
        [
            [19, [27, 22, 7]]
        ],
        [
            [38, [38, 36, 37, 39]]
        ],
        [
            [21, [42, 40, 41, 44, 43, 45, 29, 30]]
        ],
        [
            [7, [47, 48, 49]]
        ],
        [
            [28, [46, 50, 35, 32]]
        ]
    ]
]
