solution = [
    [
        [
            [0, [1]],
            [14, [14, 16, 23, 26]],
            [16, [16]],
            [23, [23]],
            [26, [26]],
            [20, [20, 24, 25]],
            [22, [22]],
            [17, [17]],
            [36, [36, 37, 38, 39]],
            [37, [37]],
            [38, [38]],
            [39, [39]],
            [43, [43, 44, 45, 46]],
            [44, [44]],
            [45, [45]],
            [24, [24]],
            [25, [25]],
            [46, [46]],
            [50, [50, 35, 33]],
            [35, [35]],
            [33, [33]],
            [1, []]
        ],
        [
            [0, [3, 4, 2, 5]],
            [7, [7, 6]],
            [9, [9, 8, 12, 13]],
            [8, [8]],
            [12, [12]],
            [13, [13]],
            [6, [6]],
            [19, [19, 18, 21]],
            [18, [18]],
            [3, []],
            [4, []],
            [2, []],
            [11, [15, 10, 11]],
            [5, []],
            [32, [32, 31, 34, 29]],
            [31, [31]],
            [30, [30, 27]],
            [34, [34]],
            [29, [29]],
            [28, [28, 41, 40]],
            [27, [27]],
            [41, [41]],
            [40, [40]],
            [42, [42]],
            [21, [21]],
            [15, [15]],
            [10, [10]],
            [47, [47, 48, 49]],
            [48, [48]],
            [49, [49]]
        ]
    ],
    [
        [
            [7, [7, 6]]
        ],
        [
            [9, [9, 8, 12, 13]]
        ],
        [
            [19, [19, 18, 21]]
        ],
        [
            [14, [14, 16, 23, 26]],
            [11, [15, 10, 11]]
        ],
        [
            [20, [20, 24, 25]]
        ],
        [
            [22, [22]]
        ],
        [
            [32, [32, 31, 34, 29]],
            [17, [17]]
        ],
        [
            [30, [30, 27]]
        ],
        [
            [28, [28, 41, 40]]
        ],
        [
            [36, [36, 37, 38, 39]]
        ],
        [
            [42, [42]]
        ],
        [
            [43, [43, 44, 45, 46]]
        ],
        [
            [47, [47, 48, 49]]
        ],
        [
            [50, [50, 35, 33]]
        ]
    ]
]
