solution = [
    [
        [
            [0, [23, 25, 28, 5, 29, 15, 36, 39, 27, 17, 20, 6, 30, 19, 16, 4, 31, 22, 26, 13, 32, 33, 38]],
            [23, []],
            [25, []],
            [28, []],
            [5, [46, 47, 41]],
            [29, []],
            [15, []],
            [46, [46]],
            [36, []],
            [39, []],
            [27, []],
            [17, []],
            [20, []],
            [6, []],
            [30, []],
            [19, []],
            [16, []],
            [4, []],
            [41, [41]],
            [31, []],
            [22, []],
            [26, []],
            [13, []],
            [32, []],
            [33, []],
            [47, [47]],
            [38, []]
        ],
        [
            [0, [14, 3, 10, 24, 35, 34, 45, 8, 11, 21, 43, 7, 44, 9, 42, 18, 40, 1, 2, 37, 12]],
            [14, [48, 50, 49]],
            [3, []],
            [10, []],
            [24, []],
            [35, []],
            [34, []],
            [45, []],
            [48, [48]],
            [8, []],
            [11, []],
            [21, []],
            [50, [50]],
            [43, []],
            [7, []],
            [49, [49]],
            [44, []],
            [9, []],
            [42, []],
            [18, []],
            [40, []],
            [1, []],
            [2, []],
            [37, []],
            [12, []]
        ]
    ],
    [
        [
            [5, [46, 47, 41]]
        ],
        [
            [14, [48, 50, 49]]
        ]
    ]
]
