solution = [
    [
        [
            [0, [3]],
            [7, [7]],
            [10, [10, 6, 12]],
            [6, [6]],
            [3, []],
            [18, [18, 15, 13]],
            [25, [25]],
            [23, [23]],
            [26, [26, 17, 29]],
            [29, [29]],
            [36, [36, 32, 31]],
            [31, [31]],
            [32, [32]],
            [12, [12]],
            [42, [42, 5, 34, 40]],
            [5, [5]],
            [34, [34]],
            [15, [15]],
            [40, [40]],
            [45, [45, 41, 33, 22]],
            [41, [41]],
            [17, [17]],
            [13, [13]],
            [33, [33]],
            [49, [49, 48, 43, 44]],
            [48, [48]],
            [43, [43]],
            [22, [22]],
            [44, [44]]
        ],
        [
            [0, [1]],
            [1, []],
            [2, [2]],
            [9, [9, 4, 8, 11]],
            [19, [19, 14, 16]],
            [16, [16]],
            [28, [28, 21, 24]],
            [21, [21]],
            [24, [20, 27]],
            [8, [8]],
            [14, [14]],
            [4, [4]],
            [30, [30, 35]],
            [35, [35]],
            [27, [27]],
            [20, [20]],
            [11, [11]],
            [37, [37, 46, 38, 39]],
            [46, [46]],
            [38, [38]],
            [39, [39]],
            [50, [50, 47]],
            [47, [47]]
        ]
    ],
    [
        [
            [2, [2]],
            [7, [7]]
        ],
        [
            [10, [10, 6, 12]]
        ],
        [
            [9, [9, 4, 8, 11]]
        ],
        [
            [18, [18, 15, 13]]
        ],
        [
            [19, [19, 14, 16]],
            [25, [25]]
        ],
        [
            [23, [23]]
        ],
        [
            [26, [26, 17, 29]]
        ],
        [
            [28, [28, 21, 24]]
        ],
        [
            [24, [20, 27]]
        ],
        [
            [36, [36, 32, 31]]
        ],
        [
            [30, [30, 35]]
        ],
        [
            [42, [42, 5, 34, 40]]
        ],
        [
            [37, [37, 46, 38, 39]]
        ],
        [
            [45, [45, 41, 33, 22]]
        ],
        [
            [49, [49, 48, 43, 44]]
        ],
        [
            [50, [50, 47]]
        ]
    ]
]
