solution = [
    [
        [
            [0, [27, 31, 1, 50, 20, 32, 30, 10, 19, 11, 49, 36, 46, 47, 48, 8, 45, 17, 16, 37, 2, 13, 40, 21, 26, 28]],
            [27, []],
            [31, []],
            [1, []],
            [50, []],
            [20, []],
            [32, []],
            [30, []],
            [10, []],
            [19, []],
            [11, []],
            [49, []],
            [36, []],
            [46, []],
            [47, []],
            [48, []],
            [8, []],
            [45, []],
            [17, []],
            [16, []],
            [37, []],
            [2, []],
            [13, []],
            [40, []],
            [21, []],
            [26, []],
            [28, []]
        ],
        [
            [0, [12, 3, 33, 9, 35, 34, 29, 24, 25, 4, 39, 23, 22, 41, 15, 43, 42, 14, 38, 44, 5, 7, 18, 6]],
            [12, []],
            [3, []],
            [33, []],
            [9, []],
            [35, []],
            [34, []],
            [29, []],
            [24, []],
            [25, []],
            [4, []],
            [39, []],
            [23, []],
            [22, []],
            [41, []],
            [15, []],
            [43, []],
            [42, []],
            [14, []],
            [38, []],
            [44, []],
            [5, []],
            [7, []],
            [18, []],
            [6, []]
        ]
    ],
    [
    ]
]
