solution = [
    [
        [
            [0, [4, 3, 2]],
            [4, []],
            [3, []],
            [12, [12, 13, 10, 9]],
            [2, []],
            [22, [22, 8]],
            [13, []],
            [10, [24, 19, 27, 14, 16, 25, 21]],
            [24, []],
            [8, []],
            [19, [30, 28, 20]],
            [25, []],
            [27, []],
            [14, []],
            [41, [41, 42, 34, 36, 39, 40]],
            [16, []],
            [34, []],
            [42, []],
            [47, [47, 45, 49]],
            [21, []],
            [49, []],
            [39, []],
            [40, []],
            [28, []],
            [30, []],
            [36, []],
            [20, []],
            [45, []],
            [9, []]
        ],
        [
            [0, [6, 7, 5, 1]],
            [6, []],
            [7, [18, 17, 15]],
            [18, []],
            [17, []],
            [15, []],
            [26, [26]],
            [5, []],
            [1, [31, 32, 23, 33, 11]],
            [31, []],
            [32, []],
            [38, [38, 37, 35, 29]],
            [48, [48, 46, 50, 44, 43]],
            [46, []],
            [43, []],
            [37, []],
            [44, []],
            [50, []],
            [35, []],
            [23, []],
            [29, []],
            [33, []],
            [11, []]
        ]
    ],
    [
        [
            [12, [12, 13, 10, 9]]
        ],
        [
            [7, [18, 17, 15]]
        ],
        [
            [22, [22, 8]]
        ],
        [
            [26, [26]]
        ],
        [
            [10, [24, 19, 27, 14, 16, 25, 21]]
        ],
        [
            [19, [30, 28, 20]]
        ],
        [
            [1, [31, 32, 23, 33, 11]]
        ],
        [
            [38, [38, 37, 35, 29]]
        ],
        [
            [41, [41, 42, 34, 36, 39, 40]]
        ],
        [
            [47, [47, 45, 49]]
        ],
        [
            [48, [48, 46, 50, 44, 43]]
        ]
    ]
]
