solution = [
    [
        [
            [0, [19, 21, 44, 43, 42, 41, 40, 39, 22, 20, 45, 46, 47, 48, 49, 50, 26, 25, 24, 23]],
            [19, []],
            [21, []],
            [44, []],
            [43, []],
            [42, []],
            [41, []],
            [40, []],
            [39, []],
            [22, []],
            [20, []],
            [45, []],
            [46, []],
            [47, []],
            [48, []],
            [49, []],
            [50, []],
            [26, []],
            [25, []],
            [24, []],
            [23, []]
        ],
        [
            [0, [27, 28, 29, 37, 30, 38, 13, 11, 12, 14, 3, 4, 5, 2, 1, 31, 32, 33, 34, 35, 17, 16, 15, 8, 9, 36, 10, 18, 7, 6]],
            [27, []],
            [28, []],
            [29, []],
            [37, []],
            [30, []],
            [38, []],
            [13, []],
            [11, []],
            [12, []],
            [14, []],
            [3, []],
            [4, []],
            [5, []],
            [2, []],
            [1, []],
            [31, []],
            [32, []],
            [33, []],
            [34, []],
            [35, []],
            [17, []],
            [16, []],
            [15, []],
            [8, []],
            [9, []],
            [36, []],
            [10, []],
            [18, []],
            [7, []],
            [6, []]
        ]
    ],
    [
    ]
]
