solution = [
    [
        [
            [0, [5, 6, 4, 3, 2, 7, 8]],
            [5, []],
            [6, []],
            [4, []],
            [3, []],
            [2, []],
            [7, []],
            [20, [20, 19, 21, 18, 17, 23, 24, 22]],
            [19, []],
            [21, []],
            [18, []],
            [17, []],
            [32, [32, 33, 34, 35, 43, 44, 36, 42]],
            [33, []],
            [34, []],
            [35, []],
            [23, []],
            [44, []],
            [36, []],
            [43, []],
            [42, []],
            [41, [41, 40, 37]],
            [40, []],
            [24, []],
            [37, []],
            [22, []],
            [8, []]
        ],
        [
            [0, [1]],
            [1, []],
            [9, [9, 12, 16, 11, 10, 14, 15, 13]],
            [12, []],
            [16, []],
            [11, []],
            [10, []],
            [14, []],
            [15, []],
            [25, [25, 28, 31, 30, 29, 27, 26]],
            [28, []],
            [31, []],
            [30, []],
            [29, []],
            [38, [38, 39]],
            [39, []],
            [50, [50, 49, 48, 45, 46, 47]],
            [49, []],
            [48, []],
            [27, []],
            [26, []],
            [13, []],
            [45, []],
            [46, []],
            [47, []]
        ]
    ],
    [
        [
            [9, [9, 12, 16, 11, 10, 14, 15, 13]]
        ],
        [
            [20, [20, 19, 21, 18, 17, 23, 24, 22]]
        ],
        [
            [25, [25, 28, 31, 30, 29, 27, 26]]
        ],
        [
            [32, [32, 33, 34, 35, 43, 44, 36, 42]]
        ],
        [
            [38, [38, 39]]
        ],
        [
            [50, [50, 49, 48, 45, 46, 47]]
        ],
        [
            [41, [41, 40, 37]]
        ]
    ]
]
