solution = [
    [
        [
            [0, [4]],
            [22, [22, 18, 19, 20, 21, 23]],
            [23, [23]],
            [19, [19]],
            [17, [17]],
            [32, [32, 33, 34, 35, 36]],
            [33, [33]],
            [34, [34]],
            [35, [35]],
            [18, [42, 41, 24]],
            [20, [20]],
            [21, [21]],
            [36, [36]],
            [50, [50, 49, 40, 37, 38, 39]],
            [49, [49]],
            [42, [42]],
            [41, [41]],
            [24, [24]],
            [40, [40]],
            [37, [37]],
            [38, [38]],
            [39, [39]],
            [4, []]
        ],
        [
            [0, [7, 3, 1, 8, 6, 5, 2]],
            [7, []],
            [3, []],
            [1, []],
            [8, []],
            [6, []],
            [5, []],
            [2, []],
            [12, [12]],
            [10, [10, 16, 13, 9, 15, 14, 11]],
            [11, [11]],
            [16, [16]],
            [13, [13]],
            [9, [9]],
            [29, [29, 31, 30, 25, 27, 26, 28]],
            [31, [31]],
            [30, [30]],
            [25, [25]],
            [48, [48, 47, 46, 43, 44, 45]],
            [47, [47]],
            [46, [46]],
            [27, [27]],
            [26, [26]],
            [28, [28]],
            [15, [15]],
            [14, [14]],
            [43, [43]],
            [44, [44]],
            [45, [45]]
        ]
    ],
    [
        [
            [22, [22, 18, 19, 20, 21, 23]],
            [12, [12]]
        ],
        [
            [10, [10, 16, 13, 9, 15, 14, 11]],
            [17, [17]]
        ],
        [
            [29, [29, 31, 30, 25, 27, 26, 28]]
        ],
        [
            [32, [32, 33, 34, 35, 36]]
        ],
        [
            [18, [42, 41, 24]]
        ],
        [
            [50, [50, 49, 40, 37, 38, 39]]
        ],
        [
            [48, [48, 47, 46, 43, 44, 45]]
        ]
    ]
]
