solution = [
    [
        [
            [0, [18, 26, 3, 14, 20, 13, 49, 15, 12, 1, 29, 41, 19, 34, 33, 42, 36, 37, 21, 46]],
            [18, []],
            [26, []],
            [3, []],
            [14, []],
            [20, []],
            [13, []],
            [49, []],
            [15, []],
            [12, []],
            [1, []],
            [29, []],
            [41, []],
            [19, []],
            [34, []],
            [33, []],
            [42, []],
            [36, []],
            [37, []],
            [21, []],
            [46, []]
        ],
        [
            [0, [6, 39, 27, 38, 35, 40, 30, 5, 4, 28, 11, 16, 44, 10, 9, 23, 7, 2, 31, 25, 24, 43, 32, 17, 22, 8]],
            [47, [47, 45, 50, 48]],
            [6, []],
            [39, []],
            [27, []],
            [38, []],
            [35, []],
            [40, []],
            [30, []],
            [5, []],
            [4, []],
            [45, []],
            [28, []],
            [11, []],
            [16, []],
            [50, []],
            [44, []],
            [10, []],
            [9, []],
            [23, []],
            [7, []],
            [2, []],
            [31, []],
            [48, []],
            [25, []],
            [24, []],
            [43, []],
            [32, []],
            [17, []],
            [22, []],
            [8, []]
        ]
    ],
    [
        [
            [47, [47, 45, 50, 48]]
        ]
    ]
]
