solution = [
    [
        [
            [0, [16, 13, 11, 10, 15, 17, 47, 12, 14, 7, 6, 2, 4, 8, 46, 45, 5, 3, 1, 40, 44, 42, 39, 38, 37, 43, 36, 35, 41]],
            [16, []],
            [13, []],
            [11, []],
            [10, []],
            [15, []],
            [17, []],
            [47, []],
            [12, []],
            [14, []],
            [7, []],
            [6, []],
            [2, []],
            [4, []],
            [8, []],
            [46, []],
            [45, []],
            [5, []],
            [3, []],
            [1, []],
            [40, []],
            [44, []],
            [42, []],
            [39, []],
            [38, []],
            [37, []],
            [43, []],
            [36, []],
            [35, []],
            [41, []]
        ],
        [
            [0, [29, 26, 50, 31, 28, 33, 20, 24, 22, 49, 19, 18, 48, 21, 23]],
            [29, [32, 34, 27]],
            [26, []],
            [50, []],
            [31, [30, 25]],
            [27, []],
            [28, []],
            [30, []],
            [34, []],
            [32, []],
            [33, []],
            [20, []],
            [24, []],
            [22, []],
            [49, [9]],
            [19, []],
            [18, []],
            [48, []],
            [21, []],
            [23, []],
            [25, []],
            [9, []]
        ]
    ],
    [
        [
            [29, [32, 34, 27]]
        ],
        [
            [31, [30, 25]]
        ],
        [
            [49, [9]]
        ]
    ]
]
