solution = [
    [
        [
            [0, [21, 23, 43, 44, 42, 41, 45, 40, 24, 22, 50, 46, 47, 48, 49, 29, 28, 27, 26, 25]],
            [21, []],
            [23, []],
            [43, []],
            [44, []],
            [42, []],
            [41, []],
            [45, []],
            [40, []],
            [24, []],
            [22, []],
            [50, []],
            [46, []],
            [47, []],
            [48, []],
            [49, []],
            [29, []],
            [28, []],
            [27, []],
            [26, []],
            [25, []]
        ],
        [
            [0, [6, 16, 15, 7, 8, 9, 19, 10, 18, 17, 20, 5, 4, 1, 2, 3, 12, 11, 13, 35, 33, 34, 32, 31, 30, 14]],
            [6, [39, 38, 37, 36]],
            [16, []],
            [15, []],
            [7, []],
            [8, []],
            [9, []],
            [19, []],
            [10, []],
            [18, []],
            [17, []],
            [20, []],
            [39, [39]],
            [38, [38]],
            [37, [37]],
            [5, []],
            [4, []],
            [36, [36]],
            [1, []],
            [2, []],
            [3, []],
            [12, []],
            [11, []],
            [13, []],
            [35, []],
            [33, []],
            [34, []],
            [32, []],
            [31, []],
            [30, []],
            [14, []]
        ]
    ],
    [
        [
            [6, [39, 38, 37, 36]]
        ]
    ]
]
