solution = [
    [
        [
            [0, [5]],
            [15, [15, 19, 16, 14, 6, 9, 13, 8]],
            [19, [19]],
            [16, [16]],
            [14, [14]],
            [6, [6]],
            [9, [9]],
            [13, [13]],
            [8, [8]],
            [12, [12]],
            [36, [36, 37, 38, 39, 41, 40]],
            [37, [25, 30, 32]],
            [38, [38]],
            [39, [39]],
            [40, [40]],
            [41, [41]],
            [44, [44, 43, 45, 23, 24]],
            [43, [43]],
            [45, [45]],
            [23, [23]],
            [24, [24]],
            [25, [25]],
            [50, [50, 46]],
            [46, [46]],
            [30, [30]],
            [32, [32]],
            [5, []]
        ],
        [
            [0, [18, 1, 3, 2]],
            [18, []],
            [1, []],
            [3, []],
            [21, [21, 17, 22, 7, 20, 10, 11]],
            [17, [17]],
            [7, [7]],
            [34, [34, 31, 29, 35, 28, 26, 27, 33]],
            [31, [31]],
            [29, [29]],
            [33, [33]],
            [35, [35]],
            [28, [28]],
            [22, [22]],
            [4, [4]],
            [26, [26]],
            [27, [27]],
            [42, [42]],
            [20, [20]],
            [2, []],
            [10, [10]],
            [11, [11]],
            [47, [47, 48, 49]],
            [48, [48]],
            [49, [49]]
        ]
    ],
    [
        [
            [21, [21, 17, 22, 7, 20, 10, 11]]
        ],
        [
            [15, [15, 19, 16, 14, 6, 9, 13, 8]]
        ],
        [
            [12, [12]]
        ],
        [
            [34, [34, 31, 29, 35, 28, 26, 27, 33]]
        ],
        [
            [36, [36, 37, 38, 39, 41, 40]],
            [4, [4]]
        ],
        [
            [37, [25, 30, 32]]
        ],
        [
            [42, [42]],
            [44, [44, 43, 45, 23, 24]]
        ],
        [
            [47, [47, 48, 49]]
        ],
        [
            [50, [50, 46]]
        ]
    ]
]
