solution = [
    [
        [
            [0, [1]],
            [9, [9, 18, 22, 12, 17, 8, 16, 11]],
            [18, []],
            [29, [29]],
            [45, [45, 31, 32, 2, 36, 10, 34, 42]],
            [11, []],
            [31, []],
            [32, []],
            [22, []],
            [42, [49, 41, 35, 28, 30]],
            [1, []],
            [36, []],
            [49, []],
            [41, []],
            [12, []],
            [10, []],
            [17, []],
            [34, []],
            [35, []],
            [2, []],
            [8, []],
            [16, []],
            [28, []],
            [30, []]
        ],
        [
            [0, [3, 4]],
            [5, [5, 7, 6]],
            [3, []],
            [15, [15, 19, 13, 14, 20]],
            [7, []],
            [19, []],
            [13, []],
            [6, []],
            [47, [47, 46, 39, 27, 40, 50, 23, 26]],
            [25, [25, 21, 24, 44, 48, 37, 33]],
            [46, []],
            [39, []],
            [27, []],
            [48, []],
            [23, []],
            [40, []],
            [50, []],
            [33, []],
            [4, []],
            [44, []],
            [21, []],
            [37, []],
            [24, []],
            [26, []],
            [43, [43, 38]],
            [20, []],
            [38, []],
            [14, []]
        ]
    ],
    [
        [
            [5, [5, 7, 6]]
        ],
        [
            [9, [9, 18, 22, 12, 17, 8, 16, 11]]
        ],
        [
            [15, [15, 19, 13, 14, 20]]
        ],
        [
            [29, [29]]
        ],
        [
            [45, [45, 31, 32, 2, 36, 10, 34, 42]]
        ],
        [
            [47, [47, 46, 39, 27, 40, 50, 23, 26]]
        ],
        [
            [25, [25, 21, 24, 44, 48, 37, 33]]
        ],
        [
            [42, [49, 41, 35, 28, 30]]
        ],
        [
            [43, [43, 38]]
        ]
    ]
]
