solution = [
    [
        [
            [0, [5, 6, 4, 3, 2, 7, 8]],
            [5, []],
            [6, []],
            [4, []],
            [3, []],
            [2, []],
            [7, []],
            [20, [20, 19, 21, 18, 24, 22]],
            [19, [19]],
            [21, [21]],
            [18, [18]],
            [17, [17]],
            [32, [32, 33, 34, 35, 43, 44, 36, 42]],
            [33, [33]],
            [34, [34]],
            [35, [35]],
            [23, [23]],
            [44, [44]],
            [36, [36]],
            [43, [43]],
            [42, [42]],
            [41, [41, 40, 37]],
            [40, [40]],
            [24, [24]],
            [37, [37]],
            [22, [22]],
            [8, []]
        ],
        [
            [0, [1]],
            [1, []],
            [9, [9, 12, 16, 11, 10, 14, 15, 13]],
            [12, [12]],
            [16, [16]],
            [11, [11]],
            [10, [10]],
            [14, [14]],
            [15, [15]],
            [25, [25, 28, 31, 30, 29, 27, 26]],
            [28, [28]],
            [31, [31]],
            [30, [30]],
            [29, [29]],
            [38, [38, 39]],
            [39, [39]],
            [50, [50, 49, 48, 45, 46, 47]],
            [49, [49]],
            [48, [48]],
            [27, [27]],
            [26, [26]],
            [13, [13]],
            [45, [45]],
            [46, [46]],
            [47, [47]]
        ]
    ],
    [
        [
            [9, [9, 12, 16, 11, 10, 14, 15, 13]]
        ],
        [
            [20, [20, 19, 21, 18, 24, 22]]
        ],
        [
            [25, [25, 28, 31, 30, 29, 27, 26]],
            [17, [17]]
        ],
        [
            [32, [32, 33, 34, 35, 43, 44, 36, 42]]
        ],
        [
            [38, [38, 39]]
        ],
        [
            [50, [50, 49, 48, 45, 46, 47]],
            [23, [23]]
        ],
        [
            [41, [41, 40, 37]]
        ]
    ]
]
