solution = [
    [
        [
            [0, [24, 33, 31, 35, 37, 38, 39, 36, 34, 29, 27, 25, 22, 21, 9, 2, 1, 4, 3, 5]],
            [24, [32]],
            [32, []],
            [33, []],
            [31, []],
            [35, []],
            [37, []],
            [38, []],
            [39, []],
            [36, []],
            [34, []],
            [29, []],
            [27, []],
            [25, []],
            [22, []],
            [21, []],
            [9, []],
            [2, []],
            [1, []],
            [4, []],
            [3, []],
            [5, []]
        ],
        [
            [0, [7, 6, 8, 10, 11, 13, 14, 12, 16, 15, 19, 18, 17, 30, 28, 26, 23, 49, 50, 46, 48, 45, 44, 40, 41, 42, 43, 47, 20]],
            [7, []],
            [6, []],
            [8, []],
            [10, []],
            [11, []],
            [13, []],
            [14, []],
            [12, []],
            [16, []],
            [15, []],
            [19, []],
            [18, []],
            [17, []],
            [30, []],
            [28, []],
            [26, []],
            [23, []],
            [49, []],
            [50, []],
            [46, []],
            [48, []],
            [45, []],
            [44, []],
            [40, []],
            [41, []],
            [42, []],
            [43, []],
            [47, []],
            [20, []]
        ]
    ],
    [
        [
            [24, [32]]
        ]
    ]
]
