solution = [
    [
        [
            [0, [4, 3, 2]],
            [4, []],
            [3, []],
            [12, [12, 13, 10, 9]],
            [2, []],
            [22, [22, 8]],
            [13, [13]],
            [10, [24, 19, 27, 14, 16, 25, 21]],
            [24, [24]],
            [8, [8]],
            [19, [30, 28, 20]],
            [25, [25]],
            [27, [27]],
            [14, [14]],
            [41, [41, 42, 34, 36, 39, 40]],
            [16, [16]],
            [34, [34]],
            [42, [42]],
            [47, [47, 45, 49]],
            [21, [21]],
            [49, [49]],
            [39, [39]],
            [40, [40]],
            [28, [28]],
            [30, [30]],
            [36, [36]],
            [20, [20]],
            [45, [45]],
            [9, [9]]
        ],
        [
            [0, [5, 1]],
            [6, [6]],
            [7, [7, 18, 17, 15]],
            [18, [18]],
            [17, [17]],
            [15, [15]],
            [26, [26]],
            [5, []],
            [1, [31, 32, 23, 33, 11]],
            [31, [31]],
            [32, [32]],
            [38, [38, 37, 35, 29]],
            [48, [48, 46, 50, 44, 43]],
            [46, [46]],
            [43, [43]],
            [37, [37]],
            [44, [44]],
            [50, [50]],
            [35, [35]],
            [23, [23]],
            [29, [29]],
            [33, [33]],
            [11, [11]]
        ]
    ],
    [
        [
            [6, [6]]
        ],
        [
            [12, [12, 13, 10, 9]]
        ],
        [
            [7, [7, 18, 17, 15]]
        ],
        [
            [22, [22, 8]]
        ],
        [
            [26, [26]]
        ],
        [
            [10, [24, 19, 27, 14, 16, 25, 21]]
        ],
        [
            [19, [30, 28, 20]]
        ],
        [
            [1, [31, 32, 23, 33, 11]]
        ],
        [
            [38, [38, 37, 35, 29]]
        ],
        [
            [41, [41, 42, 34, 36, 39, 40]]
        ],
        [
            [47, [47, 45, 49]]
        ],
        [
            [48, [48, 46, 50, 44, 43]]
        ]
    ]
]
