solution = [
    [
        [
            [0, [8, 3]],
            [12, [12, 11, 10, 13]],
            [11, [11]],
            [10, [10]],
            [13, [13]],
            [9, [9, 21, 17]],
            [8, []],
            [17, [24, 23, 30, 31]],
            [21, [21]],
            [24, [24]],
            [23, [23]],
            [36, [36, 44, 43, 42]],
            [44, [44]],
            [43, [43]],
            [42, [42]],
            [41, [41, 40, 37, 38]],
            [40, [40]],
            [37, [37]],
            [38, [38]],
            [39, [39, 50, 49, 48]],
            [30, [30]],
            [50, [50]],
            [49, [49]],
            [48, [48]],
            [31, [28, 26, 27, 29]],
            [28, [28]],
            [26, [26]],
            [27, [27]],
            [29, [29]],
            [3, []]
        ],
        [
            [0, [1, 4, 2]],
            [1, [7, 5, 6]],
            [4, []],
            [2, []],
            [7, [16, 14, 15]],
            [5, [5]],
            [6, [6]],
            [22, [22, 19, 20, 18]],
            [19, [19]],
            [20, [20]],
            [18, [18]],
            [35, [35, 34, 33, 32]],
            [34, [34]],
            [33, [33]],
            [32, [32]],
            [47, [47, 46, 45, 25]],
            [46, [46]],
            [45, [45]],
            [16, [16]],
            [14, [14]],
            [15, [15]],
            [25, [25]]
        ]
    ],
    [
        [
            [12, [12, 11, 10, 13]]
        ],
        [
            [1, [7, 5, 6]]
        ],
        [
            [7, [16, 14, 15]]
        ],
        [
            [9, [9, 21, 17]]
        ],
        [
            [22, [22, 19, 20, 18]]
        ],
        [
            [17, [24, 23, 30, 31]]
        ],
        [
            [35, [35, 34, 33, 32]]
        ],
        [
            [36, [36, 44, 43, 42]]
        ],
        [
            [41, [41, 40, 37, 38]]
        ],
        [
            [47, [47, 46, 45, 25]]
        ],
        [
            [39, [39, 50, 49, 48]]
        ],
        [
            [31, [28, 26, 27, 29]]
        ]
    ]
]
