solution = [
    [
        [
            [0, [43, 49, 31, 35, 36, 39, 38, 37, 33, 32, 34, 29, 27, 24, 25, 22, 21, 10, 6, 2, 1, 4, 5, 3, 7]],
            [43, []],
            [49, []],
            [31, []],
            [35, []],
            [36, []],
            [39, []],
            [38, []],
            [37, []],
            [33, []],
            [32, []],
            [34, []],
            [29, []],
            [27, []],
            [24, []],
            [25, []],
            [22, []],
            [21, []],
            [10, []],
            [6, []],
            [2, []],
            [1, []],
            [4, []],
            [5, []],
            [3, []],
            [7, []]
        ],
        [
            [0, [42, 41, 40, 44, 45, 46, 50, 48, 47, 20, 23, 26, 28, 30, 17, 18, 19, 15, 16, 12, 14, 13, 11, 9, 8]],
            [42, []],
            [41, []],
            [40, []],
            [44, []],
            [45, []],
            [46, []],
            [50, []],
            [48, []],
            [47, []],
            [20, []],
            [23, []],
            [26, []],
            [28, []],
            [30, []],
            [17, []],
            [18, []],
            [19, []],
            [15, []],
            [16, []],
            [12, []],
            [14, []],
            [13, []],
            [11, []],
            [9, []],
            [8, []]
        ]
    ],
    [
    ]
]
