solution = [
    [
        [
            [0, [7, 5, 3, 4, 1, 2, 6, 9, 8, 10, 23, 26, 25, 27, 24, 29, 32, 33, 34, 36, 39, 38, 37, 35, 31, 49, 20]],
            [7, []],
            [5, []],
            [3, []],
            [4, []],
            [1, []],
            [2, []],
            [6, []],
            [9, []],
            [8, []],
            [10, []],
            [23, []],
            [26, []],
            [25, []],
            [27, []],
            [24, []],
            [29, []],
            [32, []],
            [33, []],
            [34, []],
            [36, []],
            [39, []],
            [38, []],
            [37, []],
            [35, []],
            [31, []],
            [49, []],
            [20, []]
        ],
        [
            [0, [11, 13, 17, 18, 19, 12, 14, 16, 15, 30, 28, 22, 21, 47, 43, 42, 46, 50, 48, 45, 44, 40, 41]],
            [11, []],
            [13, []],
            [17, []],
            [18, []],
            [19, []],
            [12, []],
            [14, []],
            [16, []],
            [15, []],
            [30, []],
            [28, []],
            [22, []],
            [21, []],
            [47, []],
            [43, []],
            [42, []],
            [46, []],
            [50, []],
            [48, []],
            [45, []],
            [44, []],
            [40, []],
            [41, []]
        ]
    ],
    [
    ]
]
