solution = [
    [
        [
            [0, [5]],
            [5, []],
            [3, [3]],
            [10, [10, 15, 9, 14]],
            [15, []],
            [9, []],
            [14, []],
            [16, [16, 12, 11, 19]],
            [12, []],
            [11, []],
            [19, []],
            [20, [20, 22, 31, 28]],
            [22, []],
            [37, [37, 38, 39]],
            [38, []],
            [39, []],
            [48, [48, 47, 46, 13]],
            [47, []],
            [46, []],
            [31, []],
            [28, []],
            [13, []],
            [43, [43, 44, 45]],
            [44, []],
            [45, []]
        ],
        [
            [0, [6, 7, 1, 2]],
            [8, [8, 4]],
            [4, []],
            [6, []],
            [7, []],
            [1, []],
            [2, []],
            [30, [30, 29, 27, 26]],
            [29, []],
            [27, []],
            [26, []],
            [25, [25, 24, 23, 21]],
            [41, [41, 40, 42, 36]],
            [40, []],
            [24, []],
            [23, []],
            [42, []],
            [36, []],
            [49, [49, 50, 35, 18]],
            [50, []],
            [21, []],
            [18, []],
            [35, []],
            [34, [34, 33, 32, 17]],
            [33, []],
            [32, []],
            [17, []]
        ]
    ],
    [
        [
            [3, [3]],
            [8, [8, 4]]
        ],
        [
            [10, [10, 15, 9, 14]]
        ],
        [
            [16, [16, 12, 11, 19]]
        ],
        [
            [20, [20, 22, 31, 28]]
        ],
        [
            [30, [30, 29, 27, 26]]
        ],
        [
            [25, [25, 24, 23, 21]]
        ],
        [
            [41, [41, 40, 42, 36]]
        ],
        [
            [37, [37, 38, 39]]
        ],
        [
            [48, [48, 47, 46, 13]]
        ],
        [
            [49, [49, 50, 35, 18]]
        ],
        [
            [34, [34, 33, 32, 17]]
        ],
        [
            [43, [43, 44, 45]]
        ]
    ]
]
