solution = [
    [
        [
            [0, [5, 2, 3, 4, 7, 1, 13, 14, 16, 15, 19, 18, 17, 9, 11, 10, 8, 21, 22, 47, 43, 42, 41, 48]],
            [5, []],
            [2, []],
            [3, [25, 12]],
            [4, []],
            [7, []],
            [1, []],
            [13, []],
            [14, []],
            [12, []],
            [16, []],
            [15, []],
            [19, []],
            [18, []],
            [17, []],
            [25, []],
            [9, []],
            [11, []],
            [10, []],
            [8, []],
            [21, []],
            [22, []],
            [47, []],
            [43, []],
            [42, []],
            [41, []],
            [48, []]
        ],
        [
            [0, [49, 40, 44, 46, 45, 50, 6, 31, 35, 38, 37, 33, 34, 36, 39, 28, 26, 23, 30, 29, 27, 24, 20]],
            [49, []],
            [40, []],
            [44, []],
            [46, [32]],
            [45, []],
            [50, []],
            [6, []],
            [32, []],
            [31, []],
            [35, []],
            [38, []],
            [37, []],
            [33, []],
            [34, []],
            [36, []],
            [39, []],
            [28, []],
            [26, []],
            [23, []],
            [30, []],
            [29, []],
            [27, []],
            [24, []],
            [20, []]
        ]
    ],
    [
        [
            [3, [25, 12]],
            [46, [32]]
        ]
    ]
]
