solution = [
    [
        [
            [0, [1]],
            [5, [5, 3, 6, 7, 8, 9]],
            [9, [9]],
            [6, [6]],
            [7, [7]],
            [8, [8]],
            [25, [25, 26, 24, 22, 21, 20, 18, 23]],
            [39, [39, 40, 41, 42, 11, 10]],
            [40, [40]],
            [26, [50, 46, 45, 43]],
            [23, [23]],
            [24, [24]],
            [41, [41]],
            [42, [42]],
            [50, [50]],
            [46, [46]],
            [45, [45]],
            [44, [44]],
            [43, [43]],
            [22, [22]],
            [21, [21]],
            [20, [20]],
            [18, [18]],
            [3, [3]],
            [1, []],
            [11, [11]],
            [10, [10]]
        ],
        [
            [0, [4, 2]],
            [15, [15, 16, 17, 14, 12, 13]],
            [16, [16]],
            [17, [17]],
            [32, [32, 31, 27, 33, 34, 19, 29]],
            [31, [31]],
            [14, [14]],
            [12, [12]],
            [13, [13]],
            [27, [27]],
            [33, [33]],
            [34, [34]],
            [48, [48, 49, 38, 30, 28, 35, 36, 37]],
            [47, [47]],
            [49, [49]],
            [38, [38]],
            [30, [30]],
            [29, [29]],
            [28, [28]],
            [35, [35]],
            [36, [36]],
            [37, [37]],
            [19, [19]],
            [4, []],
            [2, []]
        ]
    ],
    [
        [
            [5, [5, 3, 6, 7, 8, 9]]
        ],
        [
            [15, [15, 16, 17, 14, 12, 13]]
        ],
        [
            [25, [25, 26, 24, 22, 21, 20, 18, 23]]
        ],
        [
            [32, [32, 31, 27, 33, 34, 19, 29]]
        ],
        [
            [39, [39, 40, 41, 42, 11, 10]]
        ],
        [
            [26, [50, 46, 45, 43]]
        ],
        [
            [48, [48, 49, 38, 30, 28, 35, 36, 37]]
        ],
        [
            [47, [47]],
            [44, [44]]
        ]
    ]
]
