solution = [
    [
        [
            [0, [1, 6, 5, 7, 18, 19, 20, 50, 43, 42, 41, 21, 39, 40, 36, 35, 28, 37, 38, 27, 26, 25, 24, 23, 22]],
            [1, []],
            [6, []],
            [5, []],
            [7, []],
            [18, []],
            [19, []],
            [20, []],
            [50, []],
            [43, []],
            [42, []],
            [41, []],
            [21, []],
            [39, []],
            [40, []],
            [36, []],
            [35, []],
            [28, []],
            [37, []],
            [38, []],
            [27, []],
            [26, []],
            [25, []],
            [24, []],
            [23, []],
            [22, []]
        ],
        [
            [0, [2, 3, 4, 15, 16, 17, 33, 34, 44, 45, 46, 47, 48, 49, 30, 29, 13, 14, 12, 32, 31, 10, 9, 8, 11]],
            [2, []],
            [3, []],
            [4, []],
            [15, []],
            [16, []],
            [17, []],
            [33, []],
            [34, []],
            [44, []],
            [45, []],
            [46, []],
            [47, []],
            [48, []],
            [49, []],
            [30, []],
            [29, []],
            [13, []],
            [14, []],
            [12, []],
            [32, []],
            [31, []],
            [10, []],
            [9, []],
            [8, []],
            [11, []]
        ]
    ],
    [
    ]
]
