solution = [
    [
        [
            [0, [8, 23, 24, 25, 14, 9, 10, 11, 12, 13, 29, 30]],
            [8, [43, 44]],
            [23, []],
            [24, []],
            [25, []],
            [14, []],
            [9, [50, 49, 48, 47, 46, 45]],
            [10, []],
            [11, []],
            [12, []],
            [13, []],
            [29, []],
            [30, []],
            [43, [43]],
            [44, [44]],
            [50, [50]],
            [49, [49]],
            [48, [48]],
            [47, [47]],
            [46, [46]],
            [45, [45]]
        ],
        [
            [0, [33, 31, 32, 34, 35, 37, 36, 38, 17, 22, 21, 20, 19, 18, 16, 15, 3, 4, 6, 28, 26, 27, 7, 5, 2, 1]],
            [33, []],
            [31, []],
            [32, []],
            [34, []],
            [35, []],
            [37, []],
            [36, []],
            [38, []],
            [42, [42, 41, 39, 40]],
            [41, [41]],
            [17, []],
            [22, []],
            [39, [39]],
            [40, [40]],
            [21, []],
            [20, []],
            [19, []],
            [18, []],
            [16, []],
            [15, []],
            [3, []],
            [4, []],
            [6, []],
            [28, []],
            [26, []],
            [27, []],
            [7, []],
            [5, []],
            [2, []],
            [1, []]
        ]
    ],
    [
        [
            [8, [43, 44]]
        ],
        [
            [42, [42, 41, 39, 40]]
        ],
        [
            [9, [50, 49, 48, 47, 46, 45]]
        ]
    ]
]
