solution = [
    [
        [
            [0, [16, 13, 46, 5, 1, 43, 35, 33, 31, 29, 28, 50, 42, 39, 41, 34, 27, 30, 32, 20, 22, 24, 25, 48, 18, 21]],
            [16, []],
            [13, []],
            [46, []],
            [5, []],
            [1, []],
            [43, []],
            [35, []],
            [33, []],
            [31, []],
            [29, []],
            [28, []],
            [50, []],
            [42, []],
            [39, []],
            [41, []],
            [34, []],
            [27, []],
            [30, []],
            [32, []],
            [20, []],
            [22, []],
            [24, []],
            [25, []],
            [48, []],
            [18, []],
            [21, []]
        ],
        [
            [0, [26, 49, 23, 19, 10, 11, 4, 36, 38, 44, 45, 9, 17, 15, 47, 14, 7, 8, 6, 2, 3, 40]],
            [26, [37, 12]],
            [49, []],
            [23, []],
            [19, []],
            [10, []],
            [11, []],
            [4, []],
            [36, []],
            [38, []],
            [44, []],
            [45, []],
            [9, []],
            [17, []],
            [15, []],
            [47, []],
            [14, []],
            [12, []],
            [7, []],
            [8, []],
            [6, []],
            [2, []],
            [3, []],
            [40, []],
            [37, []]
        ]
    ],
    [
        [
            [26, [37, 12]]
        ]
    ]
]
