solution = [
    [
        [
            [0, [30, 35, 4, 23, 34, 21, 37, 7, 8, 33, 27, 38, 24, 22, 31, 9, 5, 26, 11, 1, 15, 10]],
            [30, [46, 47, 50, 49, 42, 44, 41]],
            [35, []],
            [42, []],
            [4, []],
            [23, []],
            [34, []],
            [21, []],
            [37, []],
            [46, []],
            [7, []],
            [44, []],
            [8, []],
            [33, []],
            [27, []],
            [38, []],
            [24, []],
            [22, []],
            [47, []],
            [31, []],
            [41, []],
            [50, []],
            [9, []],
            [5, []],
            [26, []],
            [11, []],
            [1, []],
            [15, []],
            [49, []],
            [10, []]
        ],
        [
            [0, [40, 14, 18, 25, 20, 29, 3, 19, 39, 6, 17, 36, 12, 16, 28, 13, 32, 2]],
            [40, []],
            [14, []],
            [18, [48, 43, 45]],
            [48, []],
            [25, []],
            [20, []],
            [29, []],
            [3, []],
            [19, []],
            [39, []],
            [6, []],
            [17, []],
            [36, []],
            [12, []],
            [16, []],
            [43, []],
            [45, []],
            [28, []],
            [13, []],
            [32, []],
            [2, []]
        ]
    ],
    [
        [
            [30, [46, 47, 50, 49, 42, 44, 41]]
        ],
        [
            [18, [48, 43, 45]]
        ]
    ]
]
