solution = [
    [
        [
            [0, [11, 8, 9, 10, 31, 32, 12, 14, 13, 29, 30, 48, 49, 15, 4, 3, 2, 35, 22, 23, 24, 25, 26, 38, 27, 28, 37, 36, 1]],
            [11, []],
            [8, []],
            [9, []],
            [10, []],
            [31, []],
            [32, []],
            [12, []],
            [14, []],
            [13, []],
            [29, []],
            [30, []],
            [48, []],
            [49, []],
            [15, []],
            [4, []],
            [3, []],
            [2, []],
            [35, []],
            [22, []],
            [23, []],
            [24, []],
            [25, []],
            [26, []],
            [38, []],
            [27, []],
            [28, []],
            [37, []],
            [36, []],
            [1, []]
        ],
        [
            [0, [6, 18, 39, 21, 40, 41, 42, 43, 50, 20, 19, 17, 46, 47, 45, 44, 34, 33, 16, 7, 5]],
            [6, []],
            [18, []],
            [39, []],
            [21, []],
            [40, []],
            [41, []],
            [42, []],
            [43, []],
            [50, []],
            [20, []],
            [19, []],
            [17, []],
            [46, []],
            [47, []],
            [45, []],
            [44, []],
            [34, []],
            [33, []],
            [16, []],
            [7, []],
            [5, []]
        ]
    ],
    [
    ]
]
