solution = [
    [
        [
            [0, [1, 5, 2]],
            [1, []],
            [5, []],
            [12, [12]],
            [7, [7, 8, 10]],
            [8, []],
            [10, []],
            [2, []],
            [13, [13, 15]],
            [15, []],
            [21, [21, 19]],
            [19, []],
            [17, [17]],
            [23, [23, 24, 32, 31]],
            [24, []],
            [37, [37, 39, 38, 40]],
            [39, []],
            [38, []],
            [40, []],
            [42, [42, 33, 34, 35]],
            [32, []],
            [31, []],
            [33, []],
            [34, []],
            [35, []],
            [48, [48, 47]],
            [47, []]
        ],
        [
            [0, [3, 4, 6]],
            [3, []],
            [4, []],
            [6, []],
            [9, [9, 11, 14, 16]],
            [11, []],
            [14, []],
            [16, []],
            [18, [18, 20, 22]],
            [20, []],
            [22, []],
            [27, [27, 26, 25]],
            [26, []],
            [25, []],
            [28, [28, 30, 29, 41]],
            [30, []],
            [29, []],
            [43, [43, 44, 45, 46]],
            [44, []],
            [41, []],
            [45, []],
            [46, []],
            [50, [50, 49, 36]],
            [49, []],
            [36, []]
        ]
    ],
    [
        [
            [9, [9, 11, 14, 16]]
        ],
        [
            [12, [12]]
        ],
        [
            [7, [7, 8, 10]]
        ],
        [
            [13, [13, 15]]
        ],
        [
            [18, [18, 20, 22]]
        ],
        [
            [21, [21, 19]]
        ],
        [
            [17, [17]],
            [27, [27, 26, 25]]
        ],
        [
            [23, [23, 24, 32, 31]]
        ],
        [
            [28, [28, 30, 29, 41]]
        ],
        [
            [37, [37, 39, 38, 40]]
        ],
        [
            [42, [42, 33, 34, 35]]
        ],
        [
            [43, [43, 44, 45, 46]]
        ],
        [
            [50, [50, 49, 36]]
        ],
        [
            [48, [48, 47]]
        ]
    ]
]
