solution = [
    [
        [
            [0, [4, 6, 11, 8]],
            [14, [14, 16]],
            [16, [16]],
            [15, [15, 30, 28]],
            [4, [27, 26]],
            [6, []],
            [30, [30]],
            [28, [28]],
            [27, [27]],
            [26, [26]],
            [11, [29, 13]],
            [8, [38, 41]],
            [38, [40, 39, 43, 44]],
            [41, [41]],
            [40, [40]],
            [39, [39]],
            [13, [42, 49, 48]],
            [29, [29]],
            [42, [42]],
            [43, [43]],
            [44, [44]],
            [49, [49]],
            [48, [48]]
        ],
        [
            [0, [2, 5, 3, 1]],
            [7, [7, 9, 12, 10]],
            [9, [9]],
            [12, [12]],
            [2, []],
            [10, [10]],
            [5, []],
            [21, [21, 22, 23, 19]],
            [22, [22]],
            [23, [23]],
            [31, [31, 32, 33, 34]],
            [32, [32]],
            [33, [35, 36, 37, 25]],
            [34, [34]],
            [19, [19]],
            [18, [18, 24, 17, 20]],
            [17, [17]],
            [20, [50, 45, 46, 47]],
            [35, [35]],
            [36, [36]],
            [37, [37]],
            [50, [50]],
            [25, [25]],
            [24, [24]],
            [45, [45]],
            [46, [46]],
            [47, [47]],
            [3, []],
            [1, []]
        ]
    ],
    [
        [
            [14, [14, 16]]
        ],
        [
            [7, [7, 9, 12, 10]]
        ],
        [
            [21, [21, 22, 23, 19]]
        ],
        [
            [15, [15, 30, 28]]
        ],
        [
            [4, [27, 26]]
        ],
        [
            [31, [31, 32, 33, 34]]
        ],
        [
            [33, [35, 36, 37, 25]]
        ],
        [
            [11, [29, 13]]
        ],
        [
            [8, [38, 41]]
        ],
        [
            [38, [40, 39, 43, 44]]
        ],
        [
            [18, [18, 24, 17, 20]]
        ],
        [
            [13, [42, 49, 48]]
        ],
        [
            [20, [50, 45, 46, 47]]
        ]
    ]
]
