solution = [
    [
        [
            [0, [14, 31, 32, 17, 16, 15, 12, 13, 27, 33, 34, 38, 30, 29, 28, 35, 36, 37, 19, 4, 2, 1]],
            [14, []],
            [31, [31]],
            [32, [32]],
            [17, []],
            [16, []],
            [15, []],
            [12, []],
            [13, []],
            [27, [48, 49, 47]],
            [33, []],
            [34, []],
            [48, [48]],
            [47, [47]],
            [49, [49]],
            [38, [38]],
            [30, [30]],
            [29, []],
            [28, []],
            [35, []],
            [36, []],
            [37, []],
            [19, [19]],
            [4, []],
            [2, []],
            [1, []]
        ],
        [
            [0, [5, 9, 6, 7, 8, 25, 40, 39, 26, 23, 24, 41, 42, 22, 20, 3, 11, 10]],
            [5, [46, 45, 44, 43]],
            [9, []],
            [6, []],
            [7, []],
            [8, []],
            [25, []],
            [40, []],
            [39, []],
            [26, []],
            [23, []],
            [24, [50, 21, 18]],
            [41, []],
            [42, []],
            [50, [50]],
            [46, [46]],
            [45, [45]],
            [44, [44]],
            [43, [43]],
            [22, []],
            [21, [21]],
            [20, []],
            [18, [18]],
            [3, []],
            [11, []],
            [10, []]
        ]
    ],
    [
        [
            [5, [46, 45, 44, 43]]
        ],
        [
            [24, [50, 21, 18]]
        ],
        [
            [27, [48, 49, 47]]
        ]
    ]
]
