solution = [
    [
        [
            [0, [5, 3]],
            [5, []],
            [3, []],
            [10, [10]],
            [15, [15, 9, 14]],
            [9, [9]],
            [14, [14]],
            [16, [16, 12, 11, 19]],
            [12, [12]],
            [11, [11]],
            [19, [19]],
            [20, [20, 22, 31, 28]],
            [22, [22]],
            [37, [37, 38, 39]],
            [38, [38]],
            [39, [39]],
            [48, [48, 47, 46, 13]],
            [47, [47]],
            [46, [46]],
            [31, [31]],
            [28, [28]],
            [13, [13]],
            [43, [43, 44, 45]],
            [44, [44]],
            [45, [45]]
        ],
        [
            [0, [6, 7, 1, 2]],
            [8, [8]],
            [4, [4]],
            [6, []],
            [7, []],
            [1, []],
            [2, []],
            [30, [30, 29, 27, 26]],
            [29, [29]],
            [27, [27]],
            [26, [26]],
            [25, [25, 24, 23, 21]],
            [41, [41, 40, 42, 36]],
            [40, [40]],
            [24, [24]],
            [23, [23]],
            [42, [42]],
            [36, [36]],
            [49, [49, 50, 35, 18]],
            [50, [50]],
            [21, [21]],
            [18, [18]],
            [35, [35]],
            [34, [34, 33, 32, 17]],
            [33, [33]],
            [32, [32]],
            [17, [17]]
        ]
    ],
    [
        [
            [8, [8]],
            [10, [10]]
        ],
        [
            [15, [15, 9, 14]],
            [4, [4]]
        ],
        [
            [16, [16, 12, 11, 19]]
        ],
        [
            [30, [30, 29, 27, 26]]
        ],
        [
            [25, [25, 24, 23, 21]]
        ],
        [
            [20, [20, 22, 31, 28]]
        ],
        [
            [41, [41, 40, 42, 36]]
        ],
        [
            [37, [37, 38, 39]]
        ],
        [
            [48, [48, 47, 46, 13]]
        ],
        [
            [49, [49, 50, 35, 18]]
        ],
        [
            [34, [34, 33, 32, 17]]
        ],
        [
            [43, [43, 44, 45]]
        ]
    ]
]
