solution = [
    [
        [
            [0, [1, 19, 30, 7, 28, 11, 18, 25, 38, 2, 4, 20, 5, 15, 3, 34, 12]],
            [1, []],
            [48, [48, 46, 45, 42]],
            [42, []],
            [19, []],
            [30, []],
            [7, []],
            [28, []],
            [11, []],
            [18, []],
            [25, []],
            [38, []],
            [46, []],
            [2, []],
            [4, []],
            [45, []],
            [20, []],
            [5, []],
            [15, []],
            [3, []],
            [34, []],
            [12, []]
        ],
        [
            [0, [10, 17, 26, 31, 24, 8, 21, 6, 37, 36, 35, 13, 27, 14, 39, 33, 32, 9, 16, 29, 22, 23]],
            [10, [40, 44, 43, 41]],
            [17, []],
            [26, []],
            [31, [49, 47, 50]],
            [24, []],
            [49, []],
            [8, []],
            [21, []],
            [6, []],
            [37, []],
            [40, []],
            [36, []],
            [47, []],
            [35, []],
            [13, []],
            [27, []],
            [14, []],
            [44, []],
            [43, []],
            [39, []],
            [33, []],
            [32, []],
            [9, []],
            [16, []],
            [41, []],
            [29, []],
            [22, []],
            [23, []],
            [50, []]
        ]
    ],
    [
        [
            [10, [40, 44, 43, 41]]
        ],
        [
            [31, [49, 47, 50]]
        ],
        [
            [48, [48, 46, 45, 42]]
        ]
    ]
]
