solution = [
    [
        [
            [0, [18, 26, 3, 14, 20, 13, 49, 15, 12, 1, 29, 41, 19, 34, 33, 42, 36, 37, 21, 46]],
            [18, []],
            [26, []],
            [3, []],
            [14, []],
            [20, []],
            [13, []],
            [49, []],
            [15, []],
            [12, []],
            [1, []],
            [29, []],
            [41, []],
            [19, []],
            [34, []],
            [33, []],
            [42, []],
            [36, []],
            [37, []],
            [21, []],
            [46, []]
        ],
        [
            [0, [8, 22, 17, 32, 43, 24, 25, 48, 31, 2, 7, 23, 9, 10, 44, 50, 16, 45, 28, 11, 30, 5, 40, 35, 38, 27, 39, 6, 47, 4]],
            [8, []],
            [22, []],
            [17, []],
            [32, []],
            [43, []],
            [24, []],
            [25, []],
            [48, []],
            [31, []],
            [2, []],
            [7, []],
            [23, []],
            [9, []],
            [10, []],
            [44, []],
            [50, []],
            [16, []],
            [45, []],
            [28, []],
            [11, []],
            [30, []],
            [5, []],
            [40, []],
            [35, []],
            [38, []],
            [27, []],
            [39, []],
            [6, []],
            [47, []],
            [4, []]
        ]
    ],
    [
    ]
]
