solution = [
    [
        [
            [0, [1, 4]],
            [1, []],
            [12, [12, 11, 10, 18]],
            [11, []],
            [10, []],
            [31, [31, 25, 22, 29]],
            [25, []],
            [40, [40, 17, 20, 24]],
            [18, []],
            [29, []],
            [48, [48, 45, 35, 38]],
            [22, []],
            [45, []],
            [20, []],
            [24, []],
            [4, []],
            [35, []],
            [17, []],
            [43, [43, 37, 41, 36]],
            [37, []],
            [38, []],
            [41, []],
            [36, []]
        ],
        [
            [0, [2, 3]],
            [2, []],
            [3, []],
            [6, [6, 5, 9, 7]],
            [5, []],
            [9, []],
            [7, [15, 13, 16, 14]],
            [16, []],
            [13, []],
            [32, [32, 27, 23, 26]],
            [15, []],
            [27, []],
            [14, []],
            [47, [47, 39, 49, 44]],
            [39, []],
            [49, []],
            [21, [21, 28, 19, 8]],
            [44, []],
            [50, [50, 33, 42, 34]],
            [19, []],
            [8, []],
            [23, []],
            [26, []],
            [33, []],
            [28, []],
            [42, []],
            [34, []],
            [46, [46, 30]],
            [30, []]
        ]
    ],
    [
        [
            [6, [6, 5, 9, 7]]
        ],
        [
            [12, [12, 11, 10, 18]]
        ],
        [
            [7, [15, 13, 16, 14]]
        ],
        [
            [31, [31, 25, 22, 29]]
        ],
        [
            [32, [32, 27, 23, 26]]
        ],
        [
            [40, [40, 17, 20, 24]]
        ],
        [
            [48, [48, 45, 35, 38]]
        ],
        [
            [47, [47, 39, 49, 44]]
        ],
        [
            [21, [21, 28, 19, 8]]
        ],
        [
            [50, [50, 33, 42, 34]]
        ],
        [
            [43, [43, 37, 41, 36]]
        ],
        [
            [46, [46, 30]]
        ]
    ]
]
