solution = [
    [
        [
            [0, [1]],
            [9, [9, 18, 22, 12, 17, 8, 16, 11]],
            [18, [18]],
            [29, [29]],
            [45, [45, 31, 32, 2, 36, 10, 34, 42]],
            [11, [11]],
            [31, [31]],
            [32, [32]],
            [22, [22]],
            [42, [49, 41, 35, 28, 30]],
            [1, []],
            [36, [36]],
            [49, [49]],
            [41, [41]],
            [12, [12]],
            [10, [10]],
            [17, [17]],
            [34, [34]],
            [35, [35]],
            [2, [2]],
            [8, [8]],
            [16, [16]],
            [28, [28]],
            [30, [30]]
        ],
        [
            [0, [3, 4]],
            [5, [5, 7, 6]],
            [3, []],
            [15, [15, 19, 13, 14, 20]],
            [7, [7]],
            [19, [19]],
            [13, [13]],
            [6, [6]],
            [47, [47, 46, 39, 27, 40, 50, 23, 26]],
            [25, [25, 21, 24, 44, 48, 37, 33]],
            [46, [46]],
            [39, [39]],
            [27, [27]],
            [48, [48]],
            [23, [23]],
            [40, [40]],
            [50, [50]],
            [33, [33]],
            [4, []],
            [44, [44]],
            [21, [21]],
            [37, [37]],
            [24, [24]],
            [26, [26]],
            [43, [43, 38]],
            [20, [20]],
            [38, [38]],
            [14, [14]]
        ]
    ],
    [
        [
            [5, [5, 7, 6]]
        ],
        [
            [9, [9, 18, 22, 12, 17, 8, 16, 11]]
        ],
        [
            [15, [15, 19, 13, 14, 20]]
        ],
        [
            [29, [29]]
        ],
        [
            [45, [45, 31, 32, 2, 36, 10, 34, 42]]
        ],
        [
            [47, [47, 46, 39, 27, 40, 50, 23, 26]]
        ],
        [
            [25, [25, 21, 24, 44, 48, 37, 33]]
        ],
        [
            [42, [49, 41, 35, 28, 30]]
        ],
        [
            [43, [43, 38]]
        ]
    ]
]
