solution = [
    [
        [
            [0, [1, 43, 46, 35, 33, 31, 49, 36, 38, 44, 45, 42, 41, 40, 48, 50, 22, 21, 27, 9, 10, 8, 6, 4, 3, 7]],
            [1, [25, 12]],
            [43, []],
            [46, []],
            [35, []],
            [33, []],
            [31, []],
            [49, []],
            [36, []],
            [38, []],
            [44, []],
            [45, []],
            [42, []],
            [41, []],
            [40, []],
            [48, []],
            [50, []],
            [22, []],
            [21, []],
            [27, []],
            [25, []],
            [12, []],
            [9, []],
            [10, []],
            [8, []],
            [6, []],
            [4, []],
            [3, []],
            [7, []]
        ],
        [
            [0, [5, 2, 11, 19, 16, 18, 14, 28, 29, 24, 20, 47, 39, 37, 32, 34, 17, 13, 15, 30, 26, 23]],
            [5, []],
            [2, []],
            [11, []],
            [19, []],
            [16, []],
            [18, []],
            [14, []],
            [28, []],
            [29, []],
            [24, []],
            [20, []],
            [47, []],
            [39, []],
            [37, []],
            [32, []],
            [34, []],
            [17, []],
            [13, []],
            [15, []],
            [30, []],
            [26, []],
            [23, []]
        ]
    ],
    [
        [
            [1, [25, 12]]
        ]
    ]
]
