solution = [
    [
        [
            [0, [22, 1, 35, 44, 16, 14, 47, 33, 5, 17, 42, 39, 7, 45, 36, 46, 18, 19, 29, 26]],
            [22, []],
            [1, []],
            [35, []],
            [44, []],
            [16, []],
            [14, []],
            [47, []],
            [33, []],
            [5, []],
            [17, []],
            [42, []],
            [39, []],
            [7, []],
            [45, []],
            [36, []],
            [46, []],
            [18, []],
            [19, []],
            [29, []],
            [26, []]
        ],
        [
            [0, [30, 48, 13, 10, 12, 38, 34, 21, 28, 25, 20, 27, 41, 11, 49, 32, 8, 31, 6, 4, 3, 24, 9, 40, 50, 43, 23, 37, 2, 15]],
            [30, []],
            [48, []],
            [13, []],
            [10, []],
            [12, []],
            [38, []],
            [34, []],
            [21, []],
            [28, []],
            [25, []],
            [20, []],
            [27, []],
            [41, []],
            [11, []],
            [49, []],
            [32, []],
            [8, []],
            [31, []],
            [6, []],
            [4, []],
            [3, []],
            [24, []],
            [9, []],
            [40, []],
            [50, []],
            [43, []],
            [23, []],
            [37, []],
            [2, []],
            [15, []]
        ]
    ],
    [
    ]
]
