solution = [
    [
        [
            [0, [8, 3]],
            [12, [12, 11, 10, 13]],
            [11, []],
            [10, []],
            [13, []],
            [9, [9, 21, 17]],
            [8, []],
            [17, [24, 23, 30, 31]],
            [21, []],
            [24, []],
            [23, []],
            [36, [36, 44, 43, 42]],
            [44, []],
            [43, []],
            [42, []],
            [41, [41, 40, 37, 38]],
            [40, []],
            [37, []],
            [38, []],
            [39, [39, 50, 49, 48]],
            [30, []],
            [50, []],
            [49, []],
            [48, []],
            [31, [28, 26, 27, 29]],
            [28, []],
            [26, []],
            [27, []],
            [29, []],
            [3, []]
        ],
        [
            [0, [1, 4, 2, 7, 5, 6]],
            [1, []],
            [4, []],
            [2, []],
            [7, [16, 14, 15]],
            [5, []],
            [6, []],
            [22, [22, 19, 20, 18]],
            [19, []],
            [20, []],
            [18, []],
            [35, [35, 34, 33, 32]],
            [34, []],
            [33, []],
            [32, []],
            [47, [47, 46, 45, 25]],
            [46, []],
            [45, []],
            [16, []],
            [14, []],
            [15, []],
            [25, []]
        ]
    ],
    [
        [
            [12, [12, 11, 10, 13]]
        ],
        [
            [7, [16, 14, 15]]
        ],
        [
            [9, [9, 21, 17]]
        ],
        [
            [22, [22, 19, 20, 18]]
        ],
        [
            [17, [24, 23, 30, 31]]
        ],
        [
            [35, [35, 34, 33, 32]]
        ],
        [
            [36, [36, 44, 43, 42]]
        ],
        [
            [41, [41, 40, 37, 38]]
        ],
        [
            [47, [47, 46, 45, 25]]
        ],
        [
            [39, [39, 50, 49, 48]]
        ],
        [
            [31, [28, 26, 27, 29]]
        ]
    ]
]
