solution = [
    [
        [
            [0, [13, 14, 8, 2, 6, 7, 4]],
            [13, []],
            [14, []],
            [8, []],
            [2, []],
            [6, []],
            [7, []],
            [4, []],
            [24, [24, 18, 21]],
            [21, []],
            [3, [3]],
            [18, []],
            [28, [28, 31, 23]],
            [33, [33]],
            [23, []],
            [31, []],
            [16, [16, 26, 27]],
            [26, []],
            [38, [38, 41, 36]],
            [42, [42]],
            [41, []],
            [43, [43, 49, 48, 44]],
            [49, []],
            [27, []],
            [48, []],
            [36, []],
            [44, []]
        ],
        [
            [0, [1, 12, 19, 15, 5, 10, 9]],
            [1, []],
            [12, []],
            [19, [25, 20]],
            [15, []],
            [17, [17]],
            [30, [30]],
            [25, []],
            [5, [11]],
            [11, []],
            [10, []],
            [37, [37, 34]],
            [9, []],
            [22, [22, 29, 32]],
            [35, [35, 39, 40]],
            [34, []],
            [29, []],
            [46, [46, 47, 50, 45]],
            [47, []],
            [39, []],
            [32, []],
            [50, []],
            [20, []],
            [45, []],
            [40, []]
        ]
    ],
    [
        [
            [24, [24, 18, 21]]
        ],
        [
            [3, [3]],
            [19, [25, 20]]
        ],
        [
            [17, [17]],
            [28, [28, 31, 23]]
        ],
        [
            [30, [30]],
            [33, [33]]
        ],
        [
            [5, [11]],
            [16, [16, 26, 27]]
        ],
        [
            [37, [37, 34]]
        ],
        [
            [22, [22, 29, 32]]
        ],
        [
            [38, [38, 41, 36]]
        ],
        [
            [35, [35, 39, 40]],
            [42, [42]]
        ],
        [
            [43, [43, 49, 48, 44]]
        ],
        [
            [46, [46, 47, 50, 45]]
        ]
    ]
]
