solution = [
    [
        [
            [0, [11, 8, 9, 10, 31, 32, 12, 14, 13, 29, 30, 49, 48, 47, 46, 45, 44, 34, 33, 17, 16, 15, 4, 3, 2]],
            [11, []],
            [8, []],
            [9, []],
            [10, []],
            [31, []],
            [32, []],
            [12, []],
            [14, []],
            [13, []],
            [29, []],
            [30, []],
            [49, []],
            [48, []],
            [47, []],
            [46, []],
            [45, []],
            [44, []],
            [34, []],
            [33, []],
            [17, []],
            [16, []],
            [15, []],
            [4, []],
            [3, []],
            [2, []]
        ],
        [
            [0, [1, 6, 5, 7, 18, 19, 20, 43, 42, 21, 39, 41, 40, 36, 35, 28, 37, 38, 27, 26, 25, 24, 23, 22]],
            [1, []],
            [6, []],
            [5, []],
            [7, []],
            [18, []],
            [19, []],
            [20, [50]],
            [50, []],
            [43, []],
            [42, []],
            [21, []],
            [39, []],
            [41, []],
            [40, []],
            [36, []],
            [35, []],
            [28, []],
            [37, []],
            [38, []],
            [27, []],
            [26, []],
            [25, []],
            [24, []],
            [23, []],
            [22, []]
        ]
    ],
    [
        [
            [20, [50]]
        ]
    ]
]
