solution = [
    [
        [
            [0, [2, 3, 4, 5, 1]],
            [19, [19]],
            [14, [14, 16, 7, 10, 9, 12]],
            [16, [16]],
            [20, [20]],
            [2, []],
            [3, []],
            [4, []],
            [26, [26, 28, 30, 27, 13]],
            [28, [28]],
            [30, [30]],
            [27, [27]],
            [7, [7]],
            [10, [10]],
            [9, [9]],
            [41, [41, 40, 39, 38, 29]],
            [40, [40]],
            [39, [39]],
            [38, [38]],
            [12, [12]],
            [13, [13]],
            [29, [29]],
            [42, [42, 43, 44, 49, 48]],
            [43, [43]],
            [44, [44]],
            [49, [49]],
            [48, [48]],
            [5, []],
            [1, []]
        ],
        [
            [0, [6]],
            [11, [11, 15, 17, 18]],
            [8, [8]],
            [15, [15]],
            [6, []],
            [21, [21, 22, 24, 25, 23]],
            [17, [17]],
            [18, [18]],
            [31, [31, 32, 33, 34, 37, 36, 35]],
            [32, [32]],
            [33, [33]],
            [34, [34]],
            [22, [22]],
            [24, [24]],
            [25, [25]],
            [37, [37]],
            [36, [36]],
            [35, [35]],
            [50, [50, 45, 46, 47]],
            [23, [23]],
            [45, [45]],
            [46, [46]],
            [47, [47]]
        ]
    ],
    [
        [
            [19, [19]],
            [11, [11, 15, 17, 18]]
        ],
        [
            [14, [14, 16, 7, 10, 9, 12]],
            [8, [8]]
        ],
        [
            [20, [20]]
        ],
        [
            [21, [21, 22, 24, 25, 23]]
        ],
        [
            [26, [26, 28, 30, 27, 13]]
        ],
        [
            [31, [31, 32, 33, 34, 37, 36, 35]]
        ],
        [
            [41, [41, 40, 39, 38, 29]]
        ],
        [
            [50, [50, 45, 46, 47]]
        ],
        [
            [42, [42, 43, 44, 49, 48]]
        ]
    ]
]
