solution = [
    [
        [
            [0, [1, 6, 7, 5]],
            [1, []],
            [13, [13]],
            [6, []],
            [16, [16, 12]],
            [7, []],
            [5, []],
            [14, [14, 17, 20, 21]],
            [28, [28, 29, 19, 25]],
            [21, []],
            [17, []],
            [36, [36, 34, 32, 23]],
            [29, []],
            [34, []],
            [41, [41, 37, 43]],
            [20, [3]],
            [37, []],
            [43, []],
            [49, [49, 50, 33, 22]],
            [19, []],
            [12, []],
            [25, []],
            [50, []],
            [32, []],
            [33, []],
            [3, []],
            [23, []],
            [22, []]
        ],
        [
            [0, [4]],
            [4, []],
            [10, [10, 8, 9, 11]],
            [8, [2]],
            [9, []],
            [2, []],
            [11, []],
            [26, [26, 24, 27, 15]],
            [24, []],
            [27, []],
            [31, [31, 30, 35, 18]],
            [30, []],
            [15, []],
            [42, [42, 38]],
            [38, []],
            [35, []],
            [18, []],
            [47, [47, 40, 45]],
            [40, []],
            [46, [46, 48, 39, 44]],
            [48, []],
            [39, []],
            [44, []],
            [45, []]
        ]
    ],
    [
        [
            [10, [10, 8, 9, 11]]
        ],
        [
            [13, [13]],
            [8, [2]]
        ],
        [
            [26, [26, 24, 27, 15]]
        ],
        [
            [16, [16, 12]]
        ],
        [
            [14, [14, 17, 20, 21]]
        ],
        [
            [28, [28, 29, 19, 25]]
        ],
        [
            [36, [36, 34, 32, 23]]
        ],
        [
            [31, [31, 30, 35, 18]]
        ],
        [
            [41, [41, 37, 43]]
        ],
        [
            [42, [42, 38]],
            [20, [3]]
        ],
        [
            [47, [47, 40, 45]]
        ],
        [
            [49, [49, 50, 33, 22]]
        ],
        [
            [46, [46, 48, 39, 44]]
        ]
    ]
]
