solution = [
    [
        [
            [0, [40, 16, 21, 44, 27, 50, 10, 34, 30, 46, 43, 20, 9, 29, 33, 42, 25, 28, 22, 41, 17, 47, 23, 1, 37, 39, 31, 19, 12, 5]],
            [40, []],
            [16, []],
            [21, []],
            [44, []],
            [27, []],
            [50, []],
            [10, []],
            [34, []],
            [30, []],
            [46, []],
            [43, []],
            [20, []],
            [9, []],
            [29, []],
            [33, []],
            [42, []],
            [25, []],
            [28, []],
            [22, []],
            [41, []],
            [17, []],
            [47, []],
            [23, []],
            [1, []],
            [37, []],
            [39, []],
            [31, []],
            [19, []],
            [12, []],
            [5, []]
        ],
        [
            [0, [45, 26, 35, 32, 3, 48, 11, 13, 4, 38, 24, 7, 49, 18, 14, 15, 6, 36, 2, 8]],
            [45, []],
            [26, []],
            [35, []],
            [32, []],
            [3, []],
            [48, []],
            [11, []],
            [13, []],
            [4, []],
            [38, []],
            [24, []],
            [7, []],
            [49, []],
            [18, []],
            [14, []],
            [15, []],
            [6, []],
            [36, []],
            [2, []],
            [8, []]
        ]
    ],
    [
    ]
]
