solution = [
    [
        [
            [0, [11, 8, 9, 10, 12, 14, 13, 17, 16, 15, 4, 3, 2, 1]],
            [11, [31, 32, 29, 30, 34, 33]],
            [8, []],
            [9, []],
            [10, []],
            [31, [31]],
            [32, [32]],
            [12, []],
            [14, [49, 48, 47, 46, 45, 44]],
            [13, []],
            [29, [29]],
            [30, [30]],
            [49, [49]],
            [48, [48]],
            [47, [47]],
            [46, [46]],
            [45, [45]],
            [44, [44]],
            [34, [34]],
            [33, [33]],
            [17, []],
            [16, []],
            [15, []],
            [4, []],
            [3, []],
            [2, []],
            [1, []]
        ],
        [
            [0, [22, 23, 24, 25, 26, 27, 38, 37, 28, 35, 36, 21, 20, 19, 18, 7, 5, 6]],
            [22, [50, 41, 40, 39, 42, 43]],
            [23, []],
            [24, []],
            [25, []],
            [26, []],
            [27, []],
            [38, []],
            [37, []],
            [28, []],
            [35, []],
            [36, []],
            [41, [41]],
            [40, [40]],
            [39, [39]],
            [21, []],
            [42, [42]],
            [43, [43]],
            [50, [50]],
            [20, []],
            [19, []],
            [18, []],
            [7, []],
            [5, []],
            [6, []]
        ]
    ],
    [
        [
            [11, [31, 32, 29, 30, 34, 33]]
        ],
        [
            [22, [50, 41, 40, 39, 42, 43]]
        ],
        [
            [14, [49, 48, 47, 46, 45, 44]]
        ]
    ]
]
