solution = [
    [
        [
            [0, [33, 34, 35, 36, 37, 38, 39, 50, 49, 48, 27, 29, 30, 32, 31, 45, 46, 47, 28, 26]],
            [33, []],
            [34, []],
            [35, []],
            [36, []],
            [37, []],
            [38, []],
            [39, []],
            [50, []],
            [49, []],
            [48, []],
            [27, []],
            [29, []],
            [30, []],
            [32, []],
            [31, []],
            [45, []],
            [46, []],
            [47, []],
            [28, []],
            [26, []]
        ],
        [
            [0, [16, 17, 18, 19, 44, 43, 20, 15, 13, 14, 3, 1, 2, 4, 5, 6, 40, 41, 42, 25, 21, 22, 23, 24, 12, 11, 10, 9, 8, 7]],
            [16, []],
            [17, []],
            [18, []],
            [19, []],
            [44, []],
            [43, []],
            [20, []],
            [15, []],
            [13, []],
            [14, []],
            [3, []],
            [1, []],
            [2, []],
            [4, []],
            [5, []],
            [6, []],
            [40, []],
            [41, []],
            [42, []],
            [25, []],
            [21, []],
            [22, []],
            [23, []],
            [24, []],
            [12, []],
            [11, []],
            [10, []],
            [9, []],
            [8, []],
            [7, []]
        ]
    ],
    [
    ]
]
