solution = [
    [
        [
            [0, [16, 13, 11, 8, 45, 44, 42, 41, 40, 35, 36, 38, 37, 43, 1, 3, 5, 46, 4, 2, 6, 7, 12, 14, 47, 17, 15, 9, 10]],
            [16, []],
            [13, []],
            [11, []],
            [8, []],
            [45, []],
            [44, []],
            [42, []],
            [41, []],
            [40, []],
            [35, []],
            [36, []],
            [38, []],
            [37, []],
            [43, []],
            [1, []],
            [3, []],
            [5, []],
            [46, []],
            [4, []],
            [2, []],
            [6, []],
            [7, []],
            [12, []],
            [14, []],
            [47, []],
            [17, []],
            [15, []],
            [9, []],
            [10, []]
        ],
        [
            [0, [26, 29, 31, 33, 39, 50, 28, 18, 48, 21, 23, 19, 49, 22, 24, 20]],
            [26, [30]],
            [29, []],
            [31, []],
            [33, []],
            [39, [34, 25, 27]],
            [50, []],
            [34, []],
            [27, []],
            [28, []],
            [30, []],
            [32, [32]],
            [18, []],
            [48, []],
            [21, []],
            [23, []],
            [25, []],
            [19, []],
            [49, []],
            [22, []],
            [24, []],
            [20, []]
        ]
    ],
    [
        [
            [26, [30]]
        ],
        [
            [39, [34, 25, 27]]
        ],
        [
            [32, [32]]
        ]
    ]
]
