solution = [
    [
        [
            [0, [3, 5]],
            [17, [17, 8, 18, 19, 16]],
            [8, [8]],
            [18, [18]],
            [19, [19]],
            [3, []],
            [16, [16]],
            [5, []],
            [25, [25, 23, 20, 29]],
            [23, [23]],
            [20, [27, 28, 38, 34, 32]],
            [27, [27]],
            [28, [28]],
            [38, [38]],
            [39, [39]],
            [29, [29]],
            [46, [46, 47, 50, 42, 45, 40]],
            [47, [47]],
            [34, [34]],
            [32, [32]],
            [50, [50]],
            [42, [42]],
            [45, [45]],
            [40, [40]]
        ],
        [
            [0, [1, 6, 2]],
            [13, [13, 12, 9, 10, 11, 15, 7]],
            [14, [14]],
            [1, []],
            [12, [12]],
            [26, [26, 4, 21]],
            [24, [24]],
            [4, [4]],
            [21, [21]],
            [6, []],
            [2, []],
            [31, [31]],
            [35, [35, 37, 22, 30, 33, 36]],
            [9, [9]],
            [37, [37]],
            [22, [22]],
            [10, [10]],
            [11, [11]],
            [30, [30]],
            [15, [15]],
            [33, [33]],
            [41, [41, 43, 49, 48, 44]],
            [43, [43]],
            [49, [49]],
            [48, [48]],
            [36, [36]],
            [7, [7]],
            [44, [44]]
        ]
    ],
    [
        [
            [13, [13, 12, 9, 10, 11, 15, 7]]
        ],
        [
            [17, [17, 8, 18, 19, 16]],
            [14, [14]]
        ],
        [
            [25, [25, 23, 20, 29]]
        ],
        [
            [26, [26, 4, 21]]
        ],
        [
            [24, [24]]
        ],
        [
            [31, [31]]
        ],
        [
            [20, [27, 28, 38, 34, 32]]
        ],
        [
            [35, [35, 37, 22, 30, 33, 36]]
        ],
        [
            [41, [41, 43, 49, 48, 44]]
        ],
        [
            [39, [39]]
        ],
        [
            [46, [46, 47, 50, 42, 45, 40]]
        ]
    ]
]
