solution = [
    [
        [
            [0, [17, 19, 40, 41, 42, 44, 43, 21, 20, 18, 45, 46, 47, 48, 49, 50, 25, 24, 23, 22]],
            [17, []],
            [19, []],
            [40, []],
            [41, []],
            [42, []],
            [44, []],
            [43, []],
            [21, []],
            [20, []],
            [18, []],
            [45, []],
            [46, []],
            [47, []],
            [48, []],
            [49, []],
            [50, []],
            [25, []],
            [24, []],
            [23, []],
            [22, []]
        ],
        [
            [0, [10, 9, 11, 29, 28, 27, 26, 12, 3, 2, 1, 4, 32, 30, 31, 33, 35, 34, 15, 16, 36, 37, 8, 7, 6, 14, 13, 5]],
            [10, []],
            [9, []],
            [11, []],
            [38, [38, 39]],
            [29, []],
            [39, [39]],
            [28, []],
            [27, []],
            [26, []],
            [12, []],
            [3, []],
            [2, []],
            [1, []],
            [4, []],
            [32, []],
            [30, []],
            [31, []],
            [33, []],
            [35, []],
            [34, []],
            [15, []],
            [16, []],
            [36, []],
            [37, []],
            [8, []],
            [7, []],
            [6, []],
            [14, []],
            [13, []],
            [5, []]
        ]
    ],
    [
        [
            [38, [38, 39]]
        ]
    ]
]
