solution = [
    [
        [
            [0, [2, 6]],
            [18, [18, 19, 16]],
            [19, [19]],
            [14, [14]],
            [16, [16]],
            [15, [15, 13, 12, 11]],
            [2, []],
            [6, []],
            [28, [28, 26, 27, 29]],
            [26, [26]],
            [27, [27]],
            [13, [13]],
            [12, [12]],
            [41, [41, 40, 39, 38]],
            [40, [40]],
            [39, [39]],
            [38, [38]],
            [11, [11]],
            [29, [29]],
            [42, [42, 43, 49, 44]],
            [43, [43]],
            [44, [44]],
            [49, [49]],
            [48, [48, 30]],
            [30, [30]]
        ],
        [
            [0, [3, 4, 5, 1]],
            [3, []],
            [4, []],
            [5, []],
            [8, [8, 10, 9, 17]],
            [10, [10]],
            [9, [9]],
            [7, [7]],
            [17, [17]],
            [20, [20, 22, 24, 23]],
            [22, [22]],
            [24, [24]],
            [23, [23]],
            [21, [21, 25]],
            [32, [32, 33, 31, 34]],
            [33, [33]],
            [31, [31]],
            [34, [34]],
            [35, [35, 36, 37]],
            [36, [36]],
            [37, [37]],
            [50, [50, 45, 46, 47]],
            [25, [25]],
            [45, [45]],
            [46, [46]],
            [47, [47]],
            [1, []]
        ]
    ],
    [
        [
            [18, [18, 19, 16]]
        ],
        [
            [8, [8, 10, 9, 17]]
        ],
        [
            [7, [7]],
            [14, [14]]
        ],
        [
            [15, [15, 13, 12, 11]]
        ],
        [
            [20, [20, 22, 24, 23]]
        ],
        [
            [21, [21, 25]]
        ],
        [
            [28, [28, 26, 27, 29]]
        ],
        [
            [32, [32, 33, 31, 34]]
        ],
        [
            [35, [35, 36, 37]]
        ],
        [
            [41, [41, 40, 39, 38]]
        ],
        [
            [50, [50, 45, 46, 47]]
        ],
        [
            [42, [42, 43, 49, 44]]
        ],
        [
            [48, [48, 30]]
        ]
    ]
]
