solution = [
    [
        [
            [0, [8, 23, 24, 25, 14, 9, 10, 11, 12, 13, 29, 30, 43, 44]],
            [8, [50, 49, 48, 47, 46, 45]],
            [23, []],
            [24, []],
            [25, []],
            [14, []],
            [9, []],
            [10, []],
            [11, []],
            [12, []],
            [13, []],
            [29, []],
            [30, []],
            [43, []],
            [44, []],
            [50, []],
            [49, []],
            [48, []],
            [47, []],
            [46, []],
            [45, []]
        ],
        [
            [0, [33, 31, 32, 34, 35, 37, 36, 38, 17, 22, 21, 20, 19, 18, 16, 15, 3, 4, 6, 28, 26, 27, 7, 5, 2, 1]],
            [33, [42, 41, 39, 40]],
            [31, []],
            [32, []],
            [34, []],
            [35, []],
            [37, []],
            [36, []],
            [38, []],
            [42, []],
            [41, []],
            [17, []],
            [22, []],
            [39, []],
            [40, []],
            [21, []],
            [20, []],
            [19, []],
            [18, []],
            [16, []],
            [15, []],
            [3, []],
            [4, []],
            [6, []],
            [28, []],
            [26, []],
            [27, []],
            [7, []],
            [5, []],
            [2, []],
            [1, []]
        ]
    ],
    [
        [
            [33, [42, 41, 39, 40]]
        ],
        [
            [8, [50, 49, 48, 47, 46, 45]]
        ]
    ]
]
