solution = [
    [
        [
            [0, [11, 19, 49, 47, 36, 46, 48, 7, 18, 8, 45, 17, 5, 16, 44, 13, 40, 21, 26, 28, 50, 1, 30, 10, 31, 27]],
            [11, [32, 37]],
            [19, []],
            [49, []],
            [47, []],
            [36, []],
            [46, []],
            [48, []],
            [7, []],
            [18, []],
            [8, []],
            [45, []],
            [17, []],
            [5, []],
            [16, []],
            [44, []],
            [37, []],
            [13, []],
            [40, []],
            [21, []],
            [26, []],
            [28, []],
            [50, []],
            [1, []],
            [30, []],
            [32, []],
            [10, []],
            [31, []],
            [27, []]
        ],
        [
            [0, [3, 24, 29, 35, 20, 9, 34, 33, 12, 4, 25, 39, 23, 22, 41, 15, 43, 38, 14, 42, 2, 6]],
            [3, []],
            [24, []],
            [29, []],
            [35, []],
            [20, []],
            [9, []],
            [34, []],
            [33, []],
            [12, []],
            [4, []],
            [25, []],
            [39, []],
            [23, []],
            [22, []],
            [41, []],
            [15, []],
            [43, []],
            [38, []],
            [14, []],
            [42, []],
            [2, []],
            [6, []]
        ]
    ],
    [
        [
            [11, [32, 37]]
        ]
    ]
]
