solution = [
    [
        [
            [0, [1, 43, 46, 35, 33, 31, 49, 22, 3, 4, 15, 14, 10, 7, 6, 8, 9, 17, 12, 21, 20, 40, 41]],
            [1, [25]],
            [43, []],
            [46, []],
            [35, []],
            [33, []],
            [31, []],
            [49, []],
            [22, []],
            [3, []],
            [4, []],
            [15, []],
            [14, []],
            [10, []],
            [7, []],
            [6, []],
            [8, []],
            [9, []],
            [17, []],
            [12, []],
            [25, []],
            [21, []],
            [20, []],
            [40, []],
            [41, []]
        ],
        [
            [0, [16, 13, 11, 2, 5, 19, 18, 36, 38, 42, 47, 45, 44, 48, 50, 39, 37, 27, 24, 29, 30, 28, 26, 23]],
            [16, [32]],
            [13, []],
            [11, []],
            [2, []],
            [5, []],
            [19, []],
            [18, []],
            [36, []],
            [38, []],
            [42, []],
            [47, []],
            [45, [34]],
            [44, []],
            [48, []],
            [50, []],
            [39, []],
            [37, []],
            [32, []],
            [34, []],
            [27, []],
            [24, []],
            [29, []],
            [30, []],
            [28, []],
            [26, []],
            [23, []]
        ]
    ],
    [
        [
            [1, [25]]
        ],
        [
            [16, [32]]
        ],
        [
            [45, [34]]
        ]
    ]
]
