solution = [
    [
        [
            [0, [6, 7, 8, 9, 10, 18, 16, 15, 17, 34, 33, 32, 5, 4, 31, 1, 2, 3, 14, 27, 28, 29, 30, 12, 11, 13, 20, 22]],
            [6, []],
            [7, []],
            [8, []],
            [9, []],
            [10, []],
            [36, [36, 35, 37, 38]],
            [18, []],
            [16, []],
            [15, []],
            [17, []],
            [35, [35]],
            [34, []],
            [33, []],
            [32, []],
            [5, []],
            [4, []],
            [31, []],
            [1, []],
            [2, []],
            [3, []],
            [14, []],
            [27, []],
            [28, []],
            [29, []],
            [37, [37]],
            [30, []],
            [12, []],
            [11, []],
            [38, [38]],
            [13, []],
            [20, [39]],
            [39, [39]],
            [22, []]
        ],
        [
            [0, [23, 24, 25, 26, 50, 49, 48, 47, 46, 45, 41, 40, 42, 44, 43, 21, 19]],
            [23, []],
            [24, []],
            [25, []],
            [26, []],
            [50, []],
            [49, []],
            [48, []],
            [47, []],
            [46, []],
            [45, []],
            [41, []],
            [40, []],
            [42, []],
            [44, []],
            [43, []],
            [21, []],
            [19, []]
        ]
    ],
    [
        [
            [36, [36, 35, 37, 38]]
        ],
        [
            [20, [39]]
        ]
    ]
]
