solution = [
    [
        [
            [0, [8, 23, 24, 25, 14, 9, 10, 11, 12, 13, 45, 46, 47, 48, 49, 50, 44, 43, 30, 29]],
            [8, []],
            [23, []],
            [24, []],
            [25, []],
            [14, []],
            [9, []],
            [10, []],
            [11, []],
            [12, []],
            [13, []],
            [45, []],
            [46, []],
            [47, []],
            [48, []],
            [49, []],
            [50, []],
            [44, []],
            [43, []],
            [30, []],
            [29, []]
        ],
        [
            [0, [1, 26, 27, 28, 7, 6, 4, 5, 2, 3, 18, 19, 20, 21, 40, 39, 16, 15, 17, 22, 41, 42, 38, 37, 36, 35, 34, 32, 31, 33]],
            [1, []],
            [26, []],
            [27, []],
            [28, []],
            [7, []],
            [6, []],
            [4, []],
            [5, []],
            [2, []],
            [3, []],
            [18, []],
            [19, []],
            [20, []],
            [21, []],
            [40, []],
            [39, []],
            [16, []],
            [15, []],
            [17, []],
            [22, []],
            [41, []],
            [42, []],
            [38, []],
            [37, []],
            [36, []],
            [35, []],
            [34, []],
            [32, []],
            [31, []],
            [33, []]
        ]
    ],
    [
    ]
]
