solution = [
    [
        [
            [0, [16, 13, 11, 1, 2, 5, 19, 18, 29, 28, 36, 38, 33, 31, 41, 48, 42, 50, 45, 40, 44, 47, 43, 30, 27, 20]],
            [16, []],
            [13, []],
            [11, []],
            [1, []],
            [2, []],
            [5, []],
            [19, []],
            [18, []],
            [29, []],
            [28, []],
            [36, []],
            [38, []],
            [33, []],
            [31, []],
            [41, []],
            [48, []],
            [42, []],
            [50, []],
            [45, [25]],
            [40, []],
            [44, []],
            [47, []],
            [43, []],
            [25, []],
            [30, []],
            [27, []],
            [20, []]
        ],
        [
            [0, [26, 23, 35, 46, 49, 3, 4, 7, 10, 15, 14, 22, 21, 24]],
            [26, [17, 6]],
            [23, []],
            [35, []],
            [46, []],
            [49, []],
            [3, []],
            [4, [8]],
            [7, []],
            [10, []],
            [15, []],
            [14, [34, 37, 12]],
            [22, []],
            [21, []],
            [8, []],
            [9, [9, 39]],
            [12, []],
            [17, []],
            [34, []],
            [39, []],
            [37, []],
            [32, [32]],
            [6, []],
            [24, []]
        ]
    ],
    [
        [
            [26, [17, 6]]
        ],
        [
            [4, [8]]
        ],
        [
            [14, [34, 37, 12]]
        ],
        [
            [9, [9, 39]],
            [45, [25]]
        ],
        [
            [32, [32]]
        ]
    ]
]
