solution = [
    [
        [
            [0, [10, 12, 9, 11, 14]],
            [13, [13]],
            [10, []],
            [12, []],
            [9, []],
            [11, []],
            [22, [22, 15, 23, 24]],
            [15, []],
            [33, [33, 31]],
            [23, []],
            [31, [36, 16]],
            [36, []],
            [24, []],
            [16, []],
            [14, []],
            [26, [26]],
            [35, [35, 40, 29]],
            [40, []],
            [47, [47, 46, 44]],
            [29, []],
            [46, []],
            [44, []]
        ],
        [
            [0, [5, 4, 2, 3, 6, 1]],
            [5, []],
            [4, [7]],
            [2, []],
            [3, []],
            [7, []],
            [6, []],
            [8, [8, 17, 19, 18]],
            [17, []],
            [20, [20, 21]],
            [21, [27, 28]],
            [27, []],
            [28, []],
            [19, []],
            [18, []],
            [38, [38, 30, 34, 25]],
            [30, []],
            [34, []],
            [39, [39, 37, 32]],
            [1, []],
            [25, []],
            [37, []],
            [32, []],
            [50, [50, 42, 43, 49]],
            [42, []],
            [43, []],
            [49, []],
            [48, [48, 41, 45]],
            [41, []],
            [45, []]
        ]
    ],
    [
        [
            [4, [7]],
            [13, [13]]
        ],
        [
            [22, [22, 15, 23, 24]]
        ],
        [
            [8, [8, 17, 19, 18]]
        ],
        [
            [20, [20, 21]]
        ],
        [
            [21, [27, 28]],
            [33, [33, 31]]
        ],
        [
            [31, [36, 16]]
        ],
        [
            [38, [38, 30, 34, 25]]
        ],
        [
            [26, [26]],
            [39, [39, 37, 32]]
        ],
        [
            [35, [35, 40, 29]]
        ],
        [
            [47, [47, 46, 44]]
        ],
        [
            [50, [50, 42, 43, 49]]
        ],
        [
            [48, [48, 41, 45]]
        ]
    ]
]
