solution = [
    [
        [
            [0, [2, 3, 4, 6]],
            [2, []],
            [3, []],
            [9, [9]],
            [8, [8, 12, 7]],
            [4, [16]],
            [12, []],
            [7, []],
            [16, []],
            [15, [15, 13]],
            [6, []],
            [14, [14]],
            [13, []],
            [32, [32, 31, 30, 29]],
            [31, []],
            [30, []],
            [29, []],
            [40, [40, 41, 33, 34]],
            [41, []],
            [44, [44, 43, 42, 35, 28]],
            [43, []],
            [42, []],
            [33, []],
            [34, []],
            [35, []],
            [48, [48, 47]],
            [47, []],
            [28, []]
        ],
        [
            [0, [5, 1]],
            [10, [10]],
            [17, [17, 11]],
            [18, [18]],
            [20, [20, 22, 21, 19]],
            [22, []],
            [21, [27, 26, 24, 25, 23]],
            [19, []],
            [27, []],
            [26, []],
            [24, []],
            [25, []],
            [11, []],
            [23, []],
            [38, [38, 45, 46, 37, 39, 36]],
            [45, []],
            [46, []],
            [37, []],
            [39, []],
            [50, [50, 49]],
            [49, []],
            [36, []],
            [5, []],
            [1, []]
        ]
    ],
    [
        [
            [9, [9]]
        ],
        [
            [8, [8, 12, 7]],
            [10, [10]]
        ],
        [
            [4, [16]],
            [17, [17, 11]]
        ],
        [
            [18, [18]]
        ],
        [
            [20, [20, 22, 21, 19]],
            [15, [15, 13]]
        ],
        [
            [21, [27, 26, 24, 25, 23]],
            [14, [14]]
        ],
        [
            [32, [32, 31, 30, 29]]
        ],
        [
            [40, [40, 41, 33, 34]]
        ],
        [
            [44, [44, 43, 42, 35, 28]]
        ],
        [
            [38, [38, 45, 46, 37, 39, 36]]
        ],
        [
            [50, [50, 49]]
        ],
        [
            [48, [48, 47]]
        ]
    ]
]
