solution = [
    [
        [
            [0, []],
            [11, [11, 12, 10, 18, 6, 5, 8]],
            [12, [12]],
            [10, [10]],
            [18, [18]],
            [31, [31, 26, 23, 19, 30, 29, 25, 22]],
            [25, [25]],
            [40, [40, 28, 33, 34]],
            [28, [28]],
            [26, [26]],
            [33, [33]],
            [6, [6]],
            [5, [5]],
            [23, [23]],
            [8, [8]],
            [19, [19]],
            [50, [50, 44, 42, 46, 45, 48]],
            [44, [44]],
            [42, [42]],
            [34, [34]],
            [46, [46]],
            [30, [30]],
            [45, [45]],
            [22, [22]],
            [48, [48]],
            [29, [29]]
        ],
        [
            [0, []],
            [1, [1, 9, 2, 3, 4, 7]],
            [2, [2]],
            [3, [3]],
            [9, [9]],
            [21, [21, 15, 17, 14, 16, 20]],
            [15, [15]],
            [24, [24, 37, 35, 36, 32, 27]],
            [37, [37]],
            [4, [4]],
            [35, [35]],
            [17, [17]],
            [43, [43, 38, 41, 47, 39, 49]],
            [27, [27]],
            [49, [49]],
            [7, [7]],
            [16, [16]],
            [13, [13]],
            [39, [39]],
            [47, [47]],
            [14, [14]],
            [32, [32]],
            [38, [38]],
            [41, [41]],
            [36, [36]],
            [20, [20]]
        ]
    ],
    [
        [
            [1, [1, 9, 2, 3, 4, 7]]
        ],
        [
            [11, [11, 12, 10, 18, 6, 5, 8]]
        ],
        [
            [21, [21, 15, 17, 14, 16, 20]]
        ],
        [
            [31, [31, 26, 23, 19, 30, 29, 25, 22]]
        ],
        [
            [24, [24, 37, 35, 36, 32, 27]]
        ],
        [
            [40, [40, 28, 33, 34]]
        ],
        [
            [43, [43, 38, 41, 47, 39, 49]]
        ],
        [
            [50, [50, 44, 42, 46, 45, 48]]
        ],
        [
            [13, [13]]
        ]
    ]
]
