solution = [
    [
        [
            [0, [48, 41, 42, 43, 47, 22, 21, 8, 10, 25, 13, 17, 18, 19, 15, 14, 16, 12, 9, 11, 2, 1, 7, 3, 4, 5]],
            [48, []],
            [41, []],
            [42, []],
            [43, []],
            [47, []],
            [22, []],
            [21, []],
            [8, []],
            [10, []],
            [25, []],
            [13, []],
            [17, []],
            [18, []],
            [19, []],
            [15, []],
            [14, []],
            [16, []],
            [12, []],
            [9, []],
            [11, []],
            [2, []],
            [1, []],
            [7, []],
            [3, []],
            [4, []],
            [5, []]
        ],
        [
            [0, [49, 40, 44, 46, 45, 50, 6, 32, 33, 31, 35, 37, 38, 39, 36, 34, 28, 26, 23, 30, 29, 27, 24, 20]],
            [49, []],
            [40, []],
            [44, []],
            [46, []],
            [45, []],
            [50, []],
            [6, []],
            [32, []],
            [33, []],
            [31, []],
            [35, []],
            [37, []],
            [38, []],
            [39, []],
            [36, []],
            [34, []],
            [28, []],
            [26, []],
            [23, []],
            [30, []],
            [29, []],
            [27, []],
            [24, []],
            [20, []]
        ]
    ],
    [
    ]
]
