solution = [
    [
        [
            [0, [2, 15, 18, 14, 6, 23, 1, 31, 19, 12, 5, 17, 28, 22, 25, 33, 29, 9, 20, 27]],
            [2, []],
            [15, []],
            [18, []],
            [14, [36, 37, 39, 41, 42, 40]],
            [6, []],
            [36, [36]],
            [23, []],
            [1, []],
            [37, [37]],
            [39, [39]],
            [31, [47, 50, 44, 43]],
            [19, []],
            [12, []],
            [5, []],
            [17, []],
            [47, [47]],
            [28, []],
            [22, []],
            [41, [41]],
            [25, []],
            [42, [42]],
            [33, []],
            [29, []],
            [9, []],
            [20, []],
            [43, [43]],
            [50, [50]],
            [27, []],
            [44, [44]],
            [40, [40]]
        ],
        [
            [0, [21, 16, 30, 34, 10, 26, 35, 32, 3, 11, 13, 4, 38, 7, 24, 8]],
            [21, []],
            [16, []],
            [46, [46, 45, 48, 49]],
            [30, []],
            [34, []],
            [10, []],
            [45, [45]],
            [26, []],
            [35, []],
            [32, []],
            [3, []],
            [48, [48]],
            [11, []],
            [13, []],
            [4, []],
            [38, []],
            [49, [49]],
            [7, []],
            [24, []],
            [8, []]
        ]
    ],
    [
        [
            [14, [36, 37, 39, 41, 42, 40]]
        ],
        [
            [46, [46, 45, 48, 49]]
        ],
        [
            [31, [47, 50, 44, 43]]
        ]
    ]
]
