solution = [
    [
        [
            [0, [3, 4, 7, 5]],
            [3, []],
            [4, []],
            [23, [23, 22, 14, 17, 21, 16, 20, 12]],
            [22, []],
            [14, []],
            [7, []],
            [28, [19, 34, 36, 28, 29, 25, 26]],
            [17, []],
            [21, []],
            [29, []],
            [5, []],
            [16, []],
            [34, []],
            [36, [41, 32, 43, 37, 33]],
            [41, []],
            [32, [50, 49, 45]],
            [20, []],
            [50, []],
            [25, []],
            [12, []],
            [19, []],
            [49, []],
            [43, []],
            [37, []],
            [26, []],
            [33, []],
            [45, []]
        ],
        [
            [0, [6, 13, 9, 1, 2]],
            [11, [11]],
            [6, []],
            [13, []],
            [9, []],
            [1, []],
            [30, [30, 31, 15, 18, 8, 10]],
            [31, []],
            [15, []],
            [42, [42, 38, 35, 24, 27]],
            [38, []],
            [35, []],
            [18, []],
            [47, [47, 46, 48, 39, 44, 40]],
            [2, []],
            [46, []],
            [8, []],
            [48, []],
            [10, []],
            [24, []],
            [27, []],
            [39, []],
            [44, []],
            [40, []]
        ]
    ],
    [
        [
            [11, [11]]
        ],
        [
            [23, [23, 22, 14, 17, 21, 16, 20, 12]]
        ],
        [
            [28, [19, 34, 36, 28, 29, 25, 26]]
        ],
        [
            [30, [30, 31, 15, 18, 8, 10]]
        ],
        [
            [42, [42, 38, 35, 24, 27]]
        ],
        [
            [36, [41, 32, 43, 37, 33]]
        ],
        [
            [47, [47, 46, 48, 39, 44, 40]]
        ],
        [
            [32, [50, 49, 45]]
        ]
    ]
]
