solution = [
    [
        [
            [0, [5, 1]],
            [5, [7, 9]],
            [7, [7]],
            [18, [18, 17, 15, 6]],
            [17, [17]],
            [15, [15]],
            [32, [32, 31, 20, 24]],
            [31, [31]],
            [1, []],
            [26, [26, 36, 38, 19]],
            [38, [38]],
            [36, [36]],
            [6, [6]],
            [20, [20]],
            [45, [45, 43, 37, 46]],
            [9, [9]],
            [50, [50, 22, 44, 48]],
            [19, [19]],
            [43, [43]],
            [22, [22]],
            [44, [44]],
            [37, [37]],
            [46, [46]],
            [24, [24]],
            [48, [48]]
        ],
        [
            [0, [3, 4, 2]],
            [10, [10, 13, 8, 12]],
            [8, [8]],
            [13, [23, 16, 21, 14]],
            [3, []],
            [4, []],
            [2, []],
            [14, [14]],
            [27, [27, 25, 34, 28]],
            [25, [25]],
            [23, [23]],
            [35, [35, 41, 42, 39]],
            [12, [12]],
            [16, [16]],
            [41, [41]],
            [34, [34]],
            [42, [42]],
            [47, [47, 49, 40, 30]],
            [21, [21]],
            [49, [49]],
            [39, [39]],
            [40, [40]],
            [28, [28]],
            [30, [30]],
            [29, [29, 33, 11]],
            [33, [33]],
            [11, [11]]
        ]
    ],
    [
        [
            [5, [7, 9]]
        ],
        [
            [10, [10, 13, 8, 12]]
        ],
        [
            [18, [18, 17, 15, 6]]
        ],
        [
            [13, [23, 16, 21, 14]]
        ],
        [
            [27, [27, 25, 34, 28]]
        ],
        [
            [32, [32, 31, 20, 24]]
        ],
        [
            [26, [26, 36, 38, 19]]
        ],
        [
            [35, [35, 41, 42, 39]]
        ],
        [
            [45, [45, 43, 37, 46]]
        ],
        [
            [50, [50, 22, 44, 48]]
        ],
        [
            [47, [47, 49, 40, 30]]
        ],
        [
            [29, [29, 33, 11]]
        ]
    ]
]
