solution = [
    [
        [
            [0, [21, 23, 43, 44, 42, 41, 45, 40, 24, 22, 50, 46, 47, 48, 49, 29, 28, 27, 26, 25]],
            [21, []],
            [23, []],
            [43, []],
            [44, []],
            [42, []],
            [41, []],
            [45, []],
            [40, []],
            [24, []],
            [22, []],
            [50, []],
            [46, []],
            [47, []],
            [48, []],
            [49, []],
            [29, []],
            [28, []],
            [27, []],
            [26, []],
            [25, []]
        ],
        [
            [0, [14, 13, 11, 12, 3, 1, 2, 4, 5, 20, 17, 15, 16, 18, 19, 10, 9, 8, 7, 6]],
            [14, [36, 37, 38, 39]],
            [30, [30, 31, 32, 34, 33, 35]],
            [31, [31]],
            [32, [32]],
            [34, [34]],
            [33, [33]],
            [35, [35]],
            [13, []],
            [11, []],
            [12, []],
            [3, []],
            [1, []],
            [2, []],
            [4, []],
            [5, []],
            [36, [36]],
            [37, [37]],
            [38, [38]],
            [39, [39]],
            [20, []],
            [17, []],
            [15, []],
            [16, []],
            [18, []],
            [19, []],
            [10, []],
            [9, []],
            [8, []],
            [7, []],
            [6, []]
        ]
    ],
    [
        [
            [14, [36, 37, 38, 39]]
        ],
        [
            [30, [30, 31, 32, 34, 33, 35]]
        ]
    ]
]
