solution = [
    [
        [
            [0, [2, 4, 1]],
            [2, []],
            [4, []],
            [10, [10]],
            [9, [9, 17, 16, 14, 12]],
            [1, []],
            [22, [22, 29, 21, 20, 25, 19, 26]],
            [28, [28]],
            [16, []],
            [14, []],
            [34, [34]],
            [41, [41, 36, 32, 43, 37, 33]],
            [36, []],
            [17, []],
            [29, []],
            [21, []],
            [32, []],
            [20, []],
            [50, [50, 49]],
            [25, []],
            [12, []],
            [19, []],
            [49, []],
            [43, []],
            [37, []],
            [26, []],
            [33, []]
        ],
        [
            [0, [5, 7, 6, 3]],
            [5, []],
            [7, []],
            [6, []],
            [13, [13]],
            [3, [18, 8, 23, 15]],
            [11, [11]],
            [23, []],
            [24, [24, 27]],
            [27, []],
            [31, [31, 30]],
            [15, []],
            [42, [42, 35, 40, 39]],
            [38, [38]],
            [35, []],
            [18, []],
            [47, [47, 46, 48, 44, 45]],
            [40, []],
            [46, []],
            [8, []],
            [48, []],
            [39, []],
            [44, []],
            [30, []],
            [45, []]
        ]
    ],
    [
        [
            [10, [10]]
        ],
        [
            [13, [13]]
        ],
        [
            [3, [18, 8, 23, 15]]
        ],
        [
            [9, [9, 17, 16, 14, 12]],
            [11, [11]]
        ],
        [
            [22, [22, 29, 21, 20, 25, 19, 26]]
        ],
        [
            [28, [28]]
        ],
        [
            [24, [24, 27]]
        ],
        [
            [31, [31, 30]]
        ],
        [
            [34, [34]]
        ],
        [
            [42, [42, 35, 40, 39]]
        ],
        [
            [41, [41, 36, 32, 43, 37, 33]],
            [38, [38]]
        ],
        [
            [47, [47, 46, 48, 44, 45]]
        ],
        [
            [50, [50, 49]]
        ]
    ]
]
