solution = [
    [
        [
            [0, [1]],
            [11, [11, 8, 2, 9]],
            [29, [29, 18, 16, 14]],
            [18, []],
            [9, []],
            [45, [45, 35, 32, 28]],
            [31, [31, 42, 36, 34]],
            [32, []],
            [22, [22, 17, 12, 10]],
            [42, []],
            [35, []],
            [17, []],
            [34, []],
            [1, []],
            [36, []],
            [49, [49, 41, 38]],
            [41, []],
            [12, []],
            [10, []],
            [2, []],
            [8, []],
            [16, []],
            [28, []],
            [38, []],
            [14, []]
        ],
        [
            [0, [3, 4]],
            [15, [15, 7, 6, 13]],
            [6, []],
            [13, []],
            [19, [19, 24, 26]],
            [7, []],
            [3, []],
            [48, [48, 40, 23, 33]],
            [23, []],
            [40, []],
            [50, [50, 44, 37, 21]],
            [33, []],
            [4, []],
            [44, []],
            [21, []],
            [37, []],
            [24, []],
            [26, []],
            [43, [43, 20, 30, 5]],
            [5, [25, 27]],
            [20, []],
            [30, []],
            [27, []],
            [39, [39, 47, 46]],
            [47, []],
            [25, []],
            [46, []]
        ]
    ],
    [
        [
            [11, [11, 8, 2, 9]]
        ],
        [
            [15, [15, 7, 6, 13]]
        ],
        [
            [29, [29, 18, 16, 14]]
        ],
        [
            [45, [45, 35, 32, 28]]
        ],
        [
            [19, [19, 24, 26]]
        ],
        [
            [31, [31, 42, 36, 34]]
        ],
        [
            [22, [22, 17, 12, 10]]
        ],
        [
            [48, [48, 40, 23, 33]]
        ],
        [
            [50, [50, 44, 37, 21]]
        ],
        [
            [49, [49, 41, 38]]
        ],
        [
            [43, [43, 20, 30, 5]]
        ],
        [
            [5, [25, 27]]
        ],
        [
            [39, [39, 47, 46]]
        ]
    ]
]
