solution = [
    [
        [
            [0, [2, 1]],
            [6, [6, 7]],
            [7, [7]],
            [2, []],
            [19, [19, 16, 13, 10, 12]],
            [16, [16]],
            [13, [13]],
            [10, [10]],
            [1, []],
            [12, [12]],
            [33, [33, 29, 17, 22]],
            [29, [29]],
            [34, [34, 36, 31, 32, 26]],
            [36, [36]],
            [31, [31]],
            [32, [32]],
            [44, [44, 43]],
            [22, [22]],
            [43, [43]],
            [48, [48, 49, 41, 45, 40, 42]],
            [49, [49]],
            [26, [26]],
            [17, [17]],
            [41, [41]],
            [45, [45]],
            [40, [40]],
            [42, [42]]
        ],
        [
            [0, [4]],
            [14, [14, 5, 15, 11, 9, 8]],
            [4, []],
            [3, [3]],
            [15, [15]],
            [5, [5]],
            [28, [28, 21, 27, 20, 18, 23, 24, 25]],
            [21, [21]],
            [24, [24]],
            [25, [25]],
            [30, [30, 35, 37]],
            [8, [8]],
            [35, [35]],
            [27, [27]],
            [20, [20]],
            [46, [46, 38]],
            [11, [11]],
            [9, [9]],
            [37, [37]],
            [18, [18]],
            [38, [38]],
            [23, [50, 39, 47]],
            [50, [50]],
            [39, [39]],
            [47, [47]]
        ]
    ],
    [
        [
            [14, [14, 5, 15, 11, 9, 8]]
        ],
        [
            [6, [6, 7]]
        ],
        [
            [19, [19, 16, 13, 10, 12]],
            [3, [3]]
        ],
        [
            [28, [28, 21, 27, 20, 18, 23, 24, 25]]
        ],
        [
            [33, [33, 29, 17, 22]]
        ],
        [
            [34, [34, 36, 31, 32, 26]]
        ],
        [
            [30, [30, 35, 37]]
        ],
        [
            [46, [46, 38]]
        ],
        [
            [44, [44, 43]]
        ],
        [
            [48, [48, 49, 41, 45, 40, 42]]
        ],
        [
            [23, [50, 39, 47]]
        ]
    ]
]
