solution = [
    [
        [
            [0, [35, 30, 42, 4, 23, 34, 21, 37, 7, 44, 8, 33, 27, 38, 24, 22, 31, 41, 9, 5, 26, 11, 1, 15, 10]],
            [35, [46, 47, 50, 49]],
            [30, []],
            [42, []],
            [4, []],
            [23, []],
            [34, []],
            [21, []],
            [37, []],
            [46, []],
            [7, []],
            [44, []],
            [8, []],
            [33, []],
            [27, []],
            [38, []],
            [24, []],
            [22, []],
            [47, []],
            [31, []],
            [41, []],
            [50, []],
            [9, []],
            [5, []],
            [26, []],
            [11, []],
            [1, []],
            [15, []],
            [10, []],
            [49, []]
        ],
        [
            [0, [40, 14, 18, 25, 20, 29, 3, 19, 39, 6, 17, 36, 12, 16, 43, 45, 13, 28, 32, 2]],
            [40, []],
            [14, [48]],
            [18, []],
            [48, []],
            [25, []],
            [20, []],
            [29, []],
            [3, []],
            [19, []],
            [39, []],
            [6, []],
            [17, []],
            [36, []],
            [12, []],
            [16, []],
            [43, []],
            [45, []],
            [13, []],
            [28, []],
            [32, []],
            [2, []]
        ]
    ],
    [
        [
            [35, [46, 47, 50, 49]]
        ],
        [
            [14, [48]]
        ]
    ]
]
