solution = [
    [
        [
            [0, [30, 35, 4, 23, 34, 21, 37, 7, 8, 33, 27, 38, 24, 22, 31, 9, 5, 26, 11, 1, 15, 10]],
            [30, [46, 47, 50, 49, 42, 44, 41]],
            [35, []],
            [42, [42]],
            [4, []],
            [23, []],
            [34, []],
            [21, []],
            [37, []],
            [46, [46]],
            [7, []],
            [44, [44]],
            [8, []],
            [33, []],
            [27, []],
            [38, []],
            [24, []],
            [22, []],
            [47, [47]],
            [31, []],
            [41, [41]],
            [50, [50]],
            [9, []],
            [5, []],
            [26, []],
            [11, []],
            [1, []],
            [15, []],
            [49, [49]],
            [10, []]
        ],
        [
            [0, [14, 18, 25, 20, 29, 3, 19, 6, 17, 12, 16, 28, 13, 2]],
            [40, [40, 39, 36, 32]],
            [14, []],
            [18, [48, 43, 45]],
            [48, [48]],
            [25, []],
            [20, []],
            [29, []],
            [3, []],
            [19, []],
            [39, [39]],
            [6, []],
            [17, []],
            [36, [36]],
            [12, []],
            [16, []],
            [43, [43]],
            [45, [45]],
            [28, []],
            [13, []],
            [32, [32]],
            [2, []]
        ]
    ],
    [
        [
            [40, [40, 39, 36, 32]]
        ],
        [
            [30, [46, 47, 50, 49, 42, 44, 41]]
        ],
        [
            [18, [48, 43, 45]]
        ]
    ]
]
