solution = [
    [
        [
            [0, [49, 11, 19, 46, 16, 2, 13, 26, 28, 1, 20, 36, 47, 45, 17, 8, 48, 31, 10, 7, 18, 6]],
            [49, [37, 30, 27]],
            [11, []],
            [19, []],
            [46, []],
            [16, []],
            [2, []],
            [13, []],
            [26, []],
            [28, []],
            [1, []],
            [20, []],
            [36, []],
            [47, []],
            [45, []],
            [17, []],
            [8, []],
            [48, []],
            [31, []],
            [32, [32]],
            [10, []],
            [30, []],
            [27, []],
            [7, []],
            [18, []],
            [37, []],
            [6, []]
        ],
        [
            [0, [35, 33, 3, 29, 24, 4, 22, 23, 43, 15, 38, 44, 5, 14, 42, 41, 39, 25, 21, 40, 12, 34, 9, 50]],
            [35, []],
            [33, []],
            [3, []],
            [29, []],
            [24, []],
            [4, []],
            [22, []],
            [23, []],
            [43, []],
            [15, []],
            [38, []],
            [44, []],
            [5, []],
            [14, []],
            [42, []],
            [41, []],
            [39, []],
            [25, []],
            [21, []],
            [40, []],
            [12, []],
            [34, []],
            [9, []],
            [50, []]
        ]
    ],
    [
        [
            [49, [37, 30, 27]]
        ],
        [
            [32, [32]]
        ]
    ]
]
