solution = [
    [
        [
            [0, [2, 1]],
            [10, [10, 11, 9, 6, 8, 5, 7]],
            [11, []],
            [2, []],
            [1, []],
            [9, []],
            [6, []],
            [7, []],
            [8, []],
            [5, [20, 24, 23, 25, 26, 39, 21, 22]],
            [20, [50, 46, 45, 44, 43, 40, 41, 42]],
            [21, []],
            [22, []],
            [43, []],
            [44, []],
            [45, []],
            [46, []],
            [50, []],
            [42, []],
            [41, []],
            [24, []],
            [23, []],
            [25, []],
            [26, []],
            [40, []],
            [39, []]
        ],
        [
            [0, [4, 3]],
            [12, [12]],
            [14, [14, 16, 15, 13, 17]],
            [31, [31, 32, 27, 33, 19]],
            [32, []],
            [17, []],
            [16, []],
            [15, []],
            [13, []],
            [27, [48, 47, 49, 28, 34, 38, 30, 29]],
            [33, []],
            [34, []],
            [48, []],
            [47, []],
            [49, []],
            [38, []],
            [30, []],
            [29, []],
            [28, [35, 36, 37, 18]],
            [35, []],
            [36, []],
            [37, []],
            [19, []],
            [18, []],
            [4, []],
            [3, []]
        ]
    ],
    [
        [
            [10, [10, 11, 9, 6, 8, 5, 7]],
            [12, [12]]
        ],
        [
            [14, [14, 16, 15, 13, 17]]
        ],
        [
            [5, [20, 24, 23, 25, 26, 39, 21, 22]]
        ],
        [
            [31, [31, 32, 27, 33, 19]]
        ],
        [
            [20, [50, 46, 45, 44, 43, 40, 41, 42]]
        ],
        [
            [27, [48, 47, 49, 28, 34, 38, 30, 29]]
        ],
        [
            [28, [35, 36, 37, 18]]
        ]
    ]
]
