solution = [
    [
        [
            [0, [20, 24, 31, 35, 37, 38, 39, 36, 34, 33, 32, 29, 30, 28, 27, 25, 22, 21, 10, 7, 6, 2, 1, 4, 3, 5]],
            [20, []],
            [24, []],
            [31, []],
            [35, []],
            [37, []],
            [38, []],
            [39, []],
            [36, []],
            [34, []],
            [33, []],
            [32, []],
            [29, []],
            [30, []],
            [28, []],
            [27, []],
            [25, []],
            [22, []],
            [21, []],
            [10, []],
            [7, []],
            [6, []],
            [2, []],
            [1, []],
            [4, []],
            [3, []],
            [5, []]
        ],
        [
            [0, [43, 47, 46, 42, 41, 40, 44, 45, 48, 50, 49, 23, 26, 13, 14, 12, 16, 15, 19, 18, 17, 11, 9, 8]],
            [43, []],
            [47, []],
            [46, []],
            [42, []],
            [41, []],
            [40, []],
            [44, []],
            [45, []],
            [48, []],
            [50, []],
            [49, []],
            [23, []],
            [26, []],
            [13, []],
            [14, []],
            [12, []],
            [16, []],
            [15, []],
            [19, []],
            [18, []],
            [17, []],
            [11, []],
            [9, []],
            [8, []]
        ]
    ],
    [
    ]
]
