solution = [
    [
        [
            [0, []],
            [11, [11, 12, 10, 18, 6, 5, 8]],
            [12, []],
            [10, []],
            [18, []],
            [31, [31, 26, 23, 19, 30, 29, 25, 22]],
            [25, []],
            [40, [40, 28, 33, 34]],
            [28, []],
            [26, []],
            [33, []],
            [6, []],
            [5, []],
            [23, []],
            [8, []],
            [19, []],
            [50, [50, 44, 42, 46, 45, 48]],
            [44, []],
            [42, []],
            [34, []],
            [46, []],
            [30, []],
            [45, []],
            [22, []],
            [48, []],
            [29, []]
        ],
        [
            [0, [1, 2, 3, 9, 4, 7]],
            [1, []],
            [2, []],
            [3, []],
            [9, []],
            [21, [21, 15, 17, 14, 16, 20]],
            [15, []],
            [24, [24, 37, 35, 36, 32, 27]],
            [37, []],
            [4, []],
            [35, []],
            [17, []],
            [43, [43, 38, 41, 47, 39, 49]],
            [27, []],
            [49, []],
            [7, []],
            [16, []],
            [13, [13]],
            [39, []],
            [47, []],
            [14, []],
            [32, []],
            [38, []],
            [41, []],
            [36, []],
            [20, []]
        ]
    ],
    [
        [
            [11, [11, 12, 10, 18, 6, 5, 8]]
        ],
        [
            [21, [21, 15, 17, 14, 16, 20]]
        ],
        [
            [31, [31, 26, 23, 19, 30, 29, 25, 22]]
        ],
        [
            [24, [24, 37, 35, 36, 32, 27]]
        ],
        [
            [40, [40, 28, 33, 34]]
        ],
        [
            [43, [43, 38, 41, 47, 39, 49]]
        ],
        [
            [50, [50, 44, 42, 46, 45, 48]]
        ],
        [
            [13, [13]]
        ]
    ]
]
