solution = [
    [
        [
            [0, [4, 6, 3]],
            [5, [5]],
            [14, [14, 16, 15, 9, 12, 11]],
            [4, []],
            [6, []],
            [3, []],
            [16, [16]],
            [26, [26, 25]],
            [25, [1]],
            [1, [33, 22, 32, 29]],
            [23, [23]],
            [33, [33]],
            [15, [15]],
            [38, [38, 35, 37, 34]],
            [35, [35]],
            [37, [37]],
            [22, [22]],
            [9, [9]],
            [32, [32]],
            [10, [10]],
            [34, [34]],
            [29, [29]],
            [46, [46, 47, 39, 50, 45]],
            [47, [47]],
            [39, [39]],
            [50, [50]],
            [12, [12]],
            [11, [11]],
            [45, [45]]
        ],
        [
            [0, [2]],
            [2, []],
            [18, [18, 19, 13, 8, 7, 17]],
            [19, [19]],
            [13, [13]],
            [8, [8]],
            [7, [7]],
            [31, [31, 21, 28, 30, 27, 24]],
            [21, [21]],
            [28, [28]],
            [20, [20]],
            [40, [40, 42, 41, 36]],
            [17, [17]],
            [30, [30]],
            [42, [42]],
            [41, [41]],
            [27, [27]],
            [43, [43, 49, 44, 48]],
            [49, [49]],
            [48, [48]],
            [36, [36]],
            [24, [24]],
            [44, [44]]
        ]
    ],
    [
        [
            [5, [5]],
            [18, [18, 19, 13, 8, 7, 17]]
        ],
        [
            [14, [14, 16, 15, 9, 12, 11]]
        ],
        [
            [26, [26, 25]]
        ],
        [
            [25, [1]]
        ],
        [
            [1, [33, 22, 32, 29]]
        ],
        [
            [31, [31, 21, 28, 30, 27, 24]],
            [23, [23]]
        ],
        [
            [38, [38, 35, 37, 34]],
            [20, [20]]
        ],
        [
            [40, [40, 42, 41, 36]],
            [10, [10]]
        ],
        [
            [46, [46, 47, 39, 50, 45]]
        ],
        [
            [43, [43, 49, 44, 48]]
        ]
    ]
]
