solution = [
    [
        [
            [0, []],
            [5, [5, 7]],
            [7, [7]],
            [15, [15, 14, 8, 11, 13]],
            [2, [2]],
            [13, [13]],
            [29, [29, 26, 17, 21, 28, 24, 23, 25]],
            [26, [26]],
            [17, [17]],
            [21, [21]],
            [28, [28]],
            [24, [30, 35, 27, 20, 9]],
            [25, [25]],
            [23, [23]],
            [35, [35]],
            [8, [8]],
            [30, [30]],
            [14, [14]],
            [27, [27]],
            [20, [20]],
            [11, [11]],
            [9, [9]],
            [37, [37, 46, 38, 39, 50, 47]],
            [46, [46]],
            [38, [38]],
            [39, [39]],
            [50, [50]],
            [47, [47]]
        ],
        [
            [0, [4, 3, 1]],
            [4, []],
            [18, [18, 19, 10, 6, 16, 12]],
            [19, [19]],
            [3, [22]],
            [22, [22]],
            [31, [31]],
            [33, [33]],
            [32, [32, 36, 34]],
            [1, []],
            [36, [36]],
            [34, [34]],
            [12, [43, 44]],
            [43, [43]],
            [44, [44]],
            [48, [48, 49, 41, 45, 40, 42]],
            [49, [49]],
            [10, [10]],
            [41, [41]],
            [45, [45]],
            [6, [6]],
            [40, [40]],
            [16, [16]],
            [42, [42]]
        ]
    ],
    [
        [
            [5, [5, 7]]
        ],
        [
            [15, [15, 14, 8, 11, 13]]
        ],
        [
            [18, [18, 19, 10, 6, 16, 12]],
            [2, [2]]
        ],
        [
            [3, [22]]
        ],
        [
            [29, [29, 26, 17, 21, 28, 24, 23, 25]]
        ],
        [
            [31, [31]]
        ],
        [
            [33, [33]]
        ],
        [
            [32, [32, 36, 34]]
        ],
        [
            [24, [30, 35, 27, 20, 9]]
        ],
        [
            [12, [43, 44]]
        ],
        [
            [48, [48, 49, 41, 45, 40, 42]]
        ],
        [
            [37, [37, 46, 38, 39, 50, 47]]
        ]
    ]
]
