solution = [
    [
        [
            [0, [1, 3]],
            [1, []],
            [12, [12, 6, 13]],
            [19, [19, 17]],
            [29, [29, 27, 26, 21]],
            [13, [13]],
            [26, [26]],
            [6, [6]],
            [21, [21]],
            [34, [34, 9, 11, 10]],
            [27, [27]],
            [3, []],
            [9, [9]],
            [37, [37, 38, 39]],
            [11, [46, 40, 45, 41]],
            [46, [46]],
            [38, [38]],
            [39, [50, 28, 42]],
            [50, [50]],
            [28, [28]],
            [40, [40]],
            [45, [45]],
            [41, [41]],
            [10, [10]],
            [17, [17]],
            [42, [42]]
        ],
        [
            [0, [7, 2, 4]],
            [7, []],
            [15, [15, 5, 16, 8]],
            [5, [5]],
            [18, [18, 20]],
            [20, [23, 14]],
            [16, [16]],
            [33, [33, 24, 30, 25]],
            [2, []],
            [24, [32, 35, 36, 31]],
            [8, [8]],
            [35, [35]],
            [25, [25]],
            [23, [23]],
            [14, [14]],
            [30, [30]],
            [4, []],
            [47, [47, 22]],
            [32, [32]],
            [48, [48, 44, 43, 49]],
            [22, [22]],
            [44, [44]],
            [43, [43]],
            [31, [31]],
            [36, [36]],
            [49, [49]]
        ]
    ],
    [
        [
            [12, [12, 6, 13]]
        ],
        [
            [15, [15, 5, 16, 8]]
        ],
        [
            [19, [19, 17]],
            [18, [18, 20]]
        ],
        [
            [20, [23, 14]]
        ],
        [
            [29, [29, 27, 26, 21]]
        ],
        [
            [33, [33, 24, 30, 25]]
        ],
        [
            [34, [34, 9, 11, 10]]
        ],
        [
            [24, [32, 35, 36, 31]]
        ],
        [
            [37, [37, 38, 39]]
        ],
        [
            [11, [46, 40, 45, 41]]
        ],
        [
            [39, [50, 28, 42]]
        ],
        [
            [47, [47, 22]]
        ],
        [
            [48, [48, 44, 43, 49]]
        ]
    ]
]
