solution = [
    [
        [
            [0, [3, 6]],
            [14, [14, 17, 19, 8]],
            [17, [18, 15, 13, 12]],
            [18, []],
            [8, []],
            [15, []],
            [19, []],
            [3, []],
            [13, [27, 7]],
            [20, [20, 32, 9, 16]],
            [9, []],
            [32, []],
            [12, []],
            [30, [30, 38, 33, 28]],
            [38, []],
            [28, []],
            [41, [41, 36, 31]],
            [16, []],
            [31, []],
            [6, []],
            [7, [44, 48, 49, 43]],
            [44, []],
            [36, []],
            [48, []],
            [27, []],
            [43, []],
            [49, []],
            [33, []]
        ],
        [
            [0, [10, 2, 4, 5, 1]],
            [10, []],
            [2, []],
            [23, [23, 21, 11]],
            [21, []],
            [4, []],
            [24, [24]],
            [5, []],
            [35, [35, 37, 22, 26]],
            [37, []],
            [22, []],
            [26, [34, 25, 29]],
            [25, []],
            [34, []],
            [1, []],
            [29, []],
            [47, [47, 46, 39, 50]],
            [46, []],
            [39, [42, 45, 40]],
            [11, []],
            [50, []],
            [42, []],
            [45, []],
            [40, []]
        ]
    ],
    [
        [
            [14, [14, 17, 19, 8]]
        ],
        [
            [17, [18, 15, 13, 12]]
        ],
        [
            [23, [23, 21, 11]]
        ],
        [
            [13, [27, 7]],
            [24, [24]]
        ],
        [
            [20, [20, 32, 9, 16]]
        ],
        [
            [35, [35, 37, 22, 26]]
        ],
        [
            [30, [30, 38, 33, 28]]
        ],
        [
            [26, [34, 25, 29]]
        ],
        [
            [41, [41, 36, 31]]
        ],
        [
            [7, [44, 48, 49, 43]]
        ],
        [
            [47, [47, 46, 39, 50]]
        ],
        [
            [39, [42, 45, 40]]
        ]
    ]
]
