solution = [
    [
        [
            [0, [8, 7, 1, 3, 6, 5]],
            [8, []],
            [7, []],
            [1, []],
            [3, []],
            [15, [15, 22, 23]],
            [25, [25, 28, 26, 27]],
            [6, []],
            [22, [22]],
            [23, [36, 30, 24, 29]],
            [36, [36]],
            [44, [44, 42, 41, 43]],
            [43, [43]],
            [42, [42]],
            [41, [41]],
            [24, [24]],
            [40, [40, 37, 38, 39]],
            [37, [37]],
            [38, [38]],
            [39, [39]],
            [30, [30]],
            [50, [50, 49, 48, 31]],
            [49, [49]],
            [48, [48]],
            [31, [31]],
            [28, [28]],
            [26, [26]],
            [27, [27]],
            [29, [29]],
            [5, []]
        ],
        [
            [0, [2]],
            [4, [4, 16, 12, 11]],
            [2, []],
            [21, [21, 20, 19, 18]],
            [20, [20]],
            [19, [19]],
            [17, [17, 14, 10, 9]],
            [18, [18]],
            [32, [32, 33, 34, 35]],
            [33, [33]],
            [34, [34]],
            [35, [35]],
            [47, [47, 46, 45, 13]],
            [46, [46]],
            [45, [45]],
            [16, [16]],
            [12, [12]],
            [11, [11]],
            [14, [14]],
            [13, [13]],
            [10, [10]],
            [9, [9]]
        ]
    ],
    [
        [
            [4, [4, 16, 12, 11]]
        ],
        [
            [15, [15, 22, 23]]
        ],
        [
            [21, [21, 20, 19, 18]]
        ],
        [
            [17, [17, 14, 10, 9]]
        ],
        [
            [25, [25, 28, 26, 27]]
        ],
        [
            [32, [32, 33, 34, 35]]
        ],
        [
            [23, [36, 30, 24, 29]]
        ],
        [
            [44, [44, 42, 41, 43]]
        ],
        [
            [40, [40, 37, 38, 39]]
        ],
        [
            [47, [47, 46, 45, 13]]
        ],
        [
            [50, [50, 49, 48, 31]]
        ]
    ]
]
