solution = [
    [
        [
            [0, [1, 48, 42, 19, 30, 7, 28, 11, 18, 25, 38, 46, 2, 4, 45, 20, 5, 15, 3, 34, 12]],
            [1, []],
            [48, []],
            [42, []],
            [19, []],
            [30, []],
            [7, []],
            [28, []],
            [11, []],
            [18, []],
            [25, []],
            [38, []],
            [46, []],
            [2, []],
            [4, []],
            [45, []],
            [20, []],
            [5, []],
            [15, []],
            [3, []],
            [34, []],
            [12, []]
        ],
        [
            [0, [10, 17, 26, 31, 24, 49, 8, 21, 6, 37, 40, 36, 47, 35, 13, 27, 14, 44, 43, 39, 33, 32, 9, 16, 41, 29, 22, 23, 50]],
            [10, []],
            [17, []],
            [26, []],
            [31, []],
            [24, []],
            [49, []],
            [8, []],
            [21, []],
            [6, []],
            [37, []],
            [40, []],
            [36, []],
            [47, []],
            [35, []],
            [13, []],
            [27, []],
            [14, []],
            [44, []],
            [43, []],
            [39, []],
            [33, []],
            [32, []],
            [9, []],
            [16, []],
            [41, []],
            [29, []],
            [22, []],
            [23, []],
            [50, []]
        ]
    ],
    [
    ]
]
