solution = [
    [
        [
            [0, [1, 4, 3, 7]],
            [1, []],
            [4, []],
            [3, []],
            [7, []],
            [16, [16, 14]],
            [14, []],
            [22, [22, 18, 11]],
            [11, []],
            [26, [26, 27, 24]],
            [27, []],
            [24, []],
            [30, [30, 15]],
            [15, []],
            [42, [42, 35, 40, 38]],
            [38, []],
            [35, []],
            [18, []],
            [47, [47, 46, 48, 45]],
            [40, []],
            [46, []],
            [48, []],
            [39, [39, 44]],
            [44, []],
            [45, []]
        ],
        [
            [0, [2, 6]],
            [2, []],
            [9, [9]],
            [10, [10, 8, 12]],
            [8, []],
            [12, [17, 19, 20, 21]],
            [19, []],
            [20, []],
            [28, [28, 29, 23]],
            [21, []],
            [29, [5]],
            [17, []],
            [5, []],
            [34, [34, 36, 32, 31]],
            [36, []],
            [41, [41, 25, 37, 13]],
            [32, []],
            [6, []],
            [25, []],
            [50, [50, 43, 49, 33]],
            [37, []],
            [43, []],
            [49, []],
            [13, []],
            [31, []],
            [33, []],
            [23, []]
        ]
    ],
    [
        [
            [9, [9]]
        ],
        [
            [10, [10, 8, 12]]
        ],
        [
            [16, [16, 14]]
        ],
        [
            [12, [17, 19, 20, 21]]
        ],
        [
            [22, [22, 18, 11]]
        ],
        [
            [26, [26, 27, 24]]
        ],
        [
            [28, [28, 29, 23]]
        ],
        [
            [29, [5]],
            [30, [30, 15]]
        ],
        [
            [34, [34, 36, 32, 31]]
        ],
        [
            [42, [42, 35, 40, 38]]
        ],
        [
            [41, [41, 25, 37, 13]]
        ],
        [
            [50, [50, 43, 49, 33]]
        ],
        [
            [47, [47, 46, 48, 45]]
        ],
        [
            [39, [39, 44]]
        ]
    ]
]
