solution = [
    [
        [
            [0, [27, 50, 1, 30, 20, 32, 31, 10, 19, 11, 49, 36, 46, 47, 48, 8, 45, 17, 16, 37, 42, 2, 13, 40, 21, 26]],
            [27, []],
            [50, []],
            [1, []],
            [30, []],
            [20, []],
            [32, []],
            [31, []],
            [10, []],
            [19, []],
            [11, []],
            [49, []],
            [36, []],
            [46, []],
            [47, []],
            [48, []],
            [8, []],
            [45, []],
            [17, []],
            [16, []],
            [37, []],
            [42, []],
            [2, []],
            [13, []],
            [40, []],
            [21, []],
            [26, []]
        ],
        [
            [0, [28, 12, 3, 33, 9, 35, 34, 29, 24, 25, 4, 39, 23, 22, 41, 15, 43, 38, 44, 14, 5, 6, 7, 18]],
            [28, []],
            [12, []],
            [3, []],
            [33, []],
            [9, []],
            [35, []],
            [34, []],
            [29, []],
            [24, []],
            [25, []],
            [4, []],
            [39, []],
            [23, []],
            [22, []],
            [41, []],
            [15, []],
            [43, []],
            [38, []],
            [44, []],
            [14, []],
            [5, []],
            [6, []],
            [7, []],
            [18, []]
        ]
    ],
    [
    ]
]
