solution = [
    [
        [
            [0, [2, 6, 5, 3, 1, 4, 7]],
            [2, []],
            [6, []],
            [5, []],
            [3, []],
            [1, [17, 14, 13, 16, 15]],
            [36, [36, 24, 35, 37, 32, 27, 20]],
            [41, [41]],
            [24, []],
            [4, []],
            [35, []],
            [17, [43, 38, 47, 39, 49]],
            [43, []],
            [37, []],
            [38, []],
            [32, []],
            [14, []],
            [47, []],
            [39, []],
            [13, []],
            [16, []],
            [7, []],
            [49, []],
            [27, []],
            [15, []],
            [20, []]
        ],
        [
            [0, [11, 12, 10, 8, 9]],
            [11, []],
            [12, []],
            [10, [25, 18, 26, 23, 19, 21, 22]],
            [25, []],
            [29, [29, 31, 28, 34, 30, 40, 33]],
            [18, []],
            [31, []],
            [22, []],
            [45, [45, 50, 44, 42, 48, 46]],
            [48, []],
            [40, []],
            [28, []],
            [33, []],
            [26, []],
            [23, []],
            [8, []],
            [19, []],
            [50, []],
            [44, []],
            [9, []],
            [21, []],
            [42, []],
            [34, []],
            [46, []],
            [30, []]
        ]
    ],
    [
        [
            [10, [25, 18, 26, 23, 19, 21, 22]]
        ],
        [
            [1, [17, 14, 13, 16, 15]]
        ],
        [
            [36, [36, 24, 35, 37, 32, 27, 20]]
        ],
        [
            [41, [41]]
        ],
        [
            [29, [29, 31, 28, 34, 30, 40, 33]]
        ],
        [
            [17, [43, 38, 47, 39, 49]]
        ],
        [
            [45, [45, 50, 44, 42, 48, 46]]
        ]
    ]
]
