solution = [
    [
        [
            [0, [1, 2]],
            [1, []],
            [4, [4]],
            [20, [20, 11, 8]],
            [16, [16]],
            [27, [27, 28, 14]],
            [28, [28]],
            [25, [25]],
            [8, [8]],
            [14, [14]],
            [30, [30, 35, 23, 19]],
            [35, [35]],
            [23, [23]],
            [38, [38, 34, 18]],
            [46, [46, 37, 39]],
            [11, [11]],
            [37, [37]],
            [19, [19]],
            [18, [18]],
            [39, [39]],
            [50, [50, 47]],
            [34, [34]],
            [2, []],
            [47, [47]]
        ],
        [
            [0, [3]],
            [3, []],
            [9, [9, 7, 10, 6]],
            [5, [5, 15, 12, 13]],
            [6, [6]],
            [17, [17, 21, 24]],
            [7, [7]],
            [13, [13]],
            [21, [21]],
            [24, [24]],
            [29, [29, 31, 26, 33]],
            [15, [15]],
            [33, [32, 36, 22]],
            [32, [32]],
            [36, [36]],
            [31, [31]],
            [22, [22]],
            [44, [44, 43, 42, 40]],
            [43, [43]],
            [48, [48, 49, 41, 45]],
            [12, [12]],
            [49, [49]],
            [26, [26]],
            [10, [10]],
            [41, [41]],
            [45, [45]],
            [40, [40]],
            [42, [42]]
        ]
    ],
    [
        [
            [9, [9, 7, 10, 6]],
            [4, [4]]
        ],
        [
            [5, [5, 15, 12, 13]],
            [20, [20, 11, 8]]
        ],
        [
            [17, [17, 21, 24]],
            [16, [16]]
        ],
        [
            [27, [27, 28, 14]]
        ],
        [
            [29, [29, 31, 26, 33]],
            [25, [25]]
        ],
        [
            [30, [30, 35, 23, 19]]
        ],
        [
            [33, [32, 36, 22]]
        ],
        [
            [38, [38, 34, 18]]
        ],
        [
            [44, [44, 43, 42, 40]]
        ],
        [
            [46, [46, 37, 39]]
        ],
        [
            [48, [48, 49, 41, 45]],
            [50, [50, 47]]
        ]
    ]
]
