solution = [
    [
        [
            [0, [4, 2, 1]],
            [4, []],
            [2, []],
            [13, [13, 6]],
            [19, [19, 10, 20, 21, 23, 22]],
            [22, []],
            [10, []],
            [20, []],
            [38, [38, 32, 31, 26, 36, 30, 28, 34]],
            [32, []],
            [31, []],
            [1, []],
            [26, []],
            [36, []],
            [6, []],
            [30, [40, 39, 49, 47, 42, 45]],
            [28, []],
            [40, []],
            [39, []],
            [49, []],
            [21, []],
            [47, []],
            [42, []],
            [34, []],
            [23, []],
            [45, []]
        ],
        [
            [0, [5, 3]],
            [5, []],
            [11, [11, 7, 9, 12]],
            [15, [15, 18, 17, 16]],
            [18, []],
            [17, []],
            [7, []],
            [9, []],
            [33, [33, 29, 35, 37]],
            [29, []],
            [35, [41, 14, 27, 25, 8]],
            [12, []],
            [16, []],
            [41, []],
            [14, []],
            [27, []],
            [3, []],
            [25, []],
            [50, [50, 43, 48, 24, 46, 44]],
            [43, []],
            [8, []],
            [48, []],
            [24, []],
            [46, []],
            [37, []],
            [44, []]
        ]
    ],
    [
        [
            [11, [11, 7, 9, 12]],
            [13, [13, 6]]
        ],
        [
            [15, [15, 18, 17, 16]]
        ],
        [
            [19, [19, 10, 20, 21, 23, 22]]
        ],
        [
            [33, [33, 29, 35, 37]]
        ],
        [
            [38, [38, 32, 31, 26, 36, 30, 28, 34]]
        ],
        [
            [35, [41, 14, 27, 25, 8]]
        ],
        [
            [50, [50, 43, 48, 24, 46, 44]]
        ],
        [
            [30, [40, 39, 49, 47, 42, 45]]
        ]
    ]
]
