solution = [
    [
        [
            [0, [3, 4]],
            [5, [5, 6, 7]],
            [3, []],
            [6, [19, 13, 15, 25, 21, 23, 24, 26]],
            [7, [7]],
            [19, [19]],
            [13, [13]],
            [25, [25]],
            [46, [46, 47, 39, 27, 33, 37, 20, 30]],
            [39, [39]],
            [47, [47]],
            [15, [15]],
            [27, [44, 50, 40, 48, 43, 38]],
            [48, [48]],
            [23, [23]],
            [40, [40]],
            [50, [50]],
            [33, [33]],
            [4, []],
            [44, [44]],
            [21, [21]],
            [37, [37]],
            [24, [24]],
            [26, [26]],
            [43, [43]],
            [20, [20]],
            [38, [38]],
            [30, [30]]
        ],
        [
            [0, [2, 1]],
            [14, [14, 8, 16, 10, 12, 9, 11]],
            [2, []],
            [8, [8]],
            [16, [16]],
            [28, [28, 35, 34, 17, 22, 18, 29]],
            [35, [41, 49, 36, 42, 32, 31, 45]],
            [34, [34]],
            [17, [17]],
            [10, [10]],
            [12, [12]],
            [41, [41]],
            [49, [49]],
            [36, [36]],
            [1, []],
            [42, [42]],
            [22, [22]],
            [32, [32]],
            [9, [9]],
            [18, [18]],
            [45, [45]],
            [29, [29]],
            [11, [11]],
            [31, [31]]
        ]
    ],
    [
        [
            [5, [5, 6, 7]]
        ],
        [
            [14, [14, 8, 16, 10, 12, 9, 11]]
        ],
        [
            [6, [19, 13, 15, 25, 21, 23, 24, 26]]
        ],
        [
            [28, [28, 35, 34, 17, 22, 18, 29]]
        ],
        [
            [35, [41, 49, 36, 42, 32, 31, 45]]
        ],
        [
            [46, [46, 47, 39, 27, 33, 37, 20, 30]]
        ],
        [
            [27, [44, 50, 40, 48, 43, 38]]
        ]
    ]
]
