solution = [
    [
        [
            [0, [16, 17, 18, 19, 20, 15, 13, 14, 3, 2, 1, 6, 4, 5, 25, 23, 22, 21, 8, 24, 12, 11, 10, 9, 7]],
            [16, []],
            [17, []],
            [18, []],
            [19, []],
            [44, [44, 43, 40, 41, 42]],
            [43, [43]],
            [20, []],
            [15, []],
            [13, []],
            [14, []],
            [3, []],
            [2, []],
            [1, []],
            [6, []],
            [4, []],
            [5, []],
            [40, [40]],
            [41, [41]],
            [42, [42]],
            [25, []],
            [23, []],
            [22, []],
            [21, []],
            [8, []],
            [24, []],
            [12, []],
            [11, []],
            [10, []],
            [9, []],
            [7, []]
        ],
        [
            [0, [26, 28, 47, 46, 45, 32, 31, 30, 29, 27, 48, 49, 50, 39, 38, 37, 36, 35, 34, 33]],
            [26, []],
            [28, []],
            [47, []],
            [46, []],
            [45, []],
            [32, []],
            [31, []],
            [30, []],
            [29, []],
            [27, []],
            [48, []],
            [49, []],
            [50, []],
            [39, []],
            [38, []],
            [37, []],
            [36, []],
            [35, []],
            [34, []],
            [33, []]
        ]
    ],
    [
        [
            [44, [44, 43, 40, 41, 42]]
        ]
    ]
]
