solution = [
    [
        [
            [0, [31, 11, 29, 18, 9, 32, 22, 42, 1, 36, 41, 12, 10, 17, 34, 35, 2, 8, 16, 28, 5, 30]],
            [31, []],
            [11, [45, 49]],
            [29, []],
            [45, []],
            [18, []],
            [9, []],
            [32, []],
            [22, []],
            [42, []],
            [1, []],
            [36, []],
            [49, []],
            [41, []],
            [12, []],
            [10, []],
            [17, []],
            [34, []],
            [35, []],
            [2, []],
            [8, []],
            [16, []],
            [28, []],
            [5, []],
            [30, []]
        ],
        [
            [0, [46, 39, 27, 15, 7, 13, 19, 6, 25, 47, 3, 48, 23, 40, 50, 33, 4, 44, 21, 37, 24, 26, 43, 20, 38, 14]],
            [46, []],
            [39, []],
            [27, []],
            [15, []],
            [7, []],
            [13, []],
            [19, []],
            [6, []],
            [25, []],
            [47, []],
            [3, []],
            [48, []],
            [23, []],
            [40, []],
            [50, []],
            [33, []],
            [4, []],
            [44, []],
            [21, []],
            [37, []],
            [24, []],
            [26, []],
            [43, []],
            [20, []],
            [38, []],
            [14, []]
        ]
    ],
    [
        [
            [11, [45, 49]]
        ]
    ]
]
