solution = [
    [
        [
            [0, []],
            [5, [5, 7]],
            [7, []],
            [15, [15, 14, 8, 11, 13]],
            [2, [2]],
            [13, []],
            [29, [29, 26, 17, 21, 28, 24, 23, 25]],
            [26, []],
            [17, []],
            [21, []],
            [28, []],
            [24, [30, 35, 27, 20, 9]],
            [25, []],
            [23, []],
            [35, []],
            [8, []],
            [30, []],
            [14, []],
            [27, []],
            [20, []],
            [11, []],
            [9, []],
            [37, [37, 46, 38, 39, 50, 47]],
            [46, []],
            [38, []],
            [39, []],
            [50, []],
            [47, []]
        ],
        [
            [0, [4, 3, 1]],
            [4, []],
            [18, [18, 19, 10, 6, 16, 12]],
            [19, []],
            [3, [22]],
            [22, []],
            [31, [31]],
            [33, [33]],
            [32, [32, 36, 34]],
            [1, []],
            [36, []],
            [34, []],
            [12, [43, 44]],
            [43, []],
            [44, []],
            [48, [48, 49, 41, 45, 40, 42]],
            [49, []],
            [10, []],
            [41, []],
            [45, []],
            [6, []],
            [40, []],
            [16, []],
            [42, []]
        ]
    ],
    [
        [
            [5, [5, 7]]
        ],
        [
            [15, [15, 14, 8, 11, 13]]
        ],
        [
            [18, [18, 19, 10, 6, 16, 12]],
            [2, [2]]
        ],
        [
            [3, [22]]
        ],
        [
            [29, [29, 26, 17, 21, 28, 24, 23, 25]]
        ],
        [
            [31, [31]]
        ],
        [
            [33, [33]]
        ],
        [
            [32, [32, 36, 34]]
        ],
        [
            [24, [30, 35, 27, 20, 9]]
        ],
        [
            [12, [43, 44]]
        ],
        [
            [48, [48, 49, 41, 45, 40, 42]]
        ],
        [
            [37, [37, 46, 38, 39, 50, 47]]
        ]
    ]
]
