solution = [
    [
        [
            [0, [4, 2, 3]],
            [4, []],
            [2, []],
            [20, [20, 6, 7, 17]],
            [6, [28]],
            [7, [7]],
            [17, [17]],
            [28, [28]],
            [30, [30, 23, 33]],
            [23, [23]],
            [35, [35, 29, 12, 16]],
            [29, [41, 14, 27, 25]],
            [33, [33]],
            [12, [12]],
            [16, [16]],
            [41, [41]],
            [14, [14]],
            [27, [27]],
            [3, []],
            [25, [25]],
            [50, [50, 22, 24, 48]],
            [22, [22]],
            [44, [44, 37, 43, 46]],
            [37, [37]],
            [43, [43]],
            [46, [46]],
            [24, [24]],
            [48, [48]]
        ],
        [
            [0, [5]],
            [9, [9, 1]],
            [13, [13, 8, 10]],
            [8, [8]],
            [19, [19, 15, 18]],
            [10, [10]],
            [11, [11]],
            [38, [38, 32, 31, 26]],
            [32, [32]],
            [31, [31]],
            [1, [1]],
            [5, []],
            [26, [26]],
            [36, [36, 39, 40, 21]],
            [15, [49, 47, 42, 34]],
            [40, [40]],
            [39, [39]],
            [18, [18]],
            [49, [49]],
            [21, [21]],
            [47, [47]],
            [42, [42]],
            [34, [34]],
            [45, [45]]
        ]
    ],
    [
        [
            [20, [20, 6, 7, 17]]
        ],
        [
            [9, [9, 1]]
        ],
        [
            [13, [13, 8, 10]]
        ],
        [
            [19, [19, 15, 18]]
        ],
        [
            [6, [28]],
            [11, [11]]
        ],
        [
            [30, [30, 23, 33]]
        ],
        [
            [38, [38, 32, 31, 26]]
        ],
        [
            [35, [35, 29, 12, 16]]
        ],
        [
            [29, [41, 14, 27, 25]]
        ],
        [
            [36, [36, 39, 40, 21]]
        ],
        [
            [15, [49, 47, 42, 34]]
        ],
        [
            [50, [50, 22, 24, 48]]
        ],
        [
            [45, [45]]
        ],
        [
            [44, [44, 37, 43, 46]]
        ]
    ]
]
