solution = [
    [
        [
            [0, []],
            [14, [14, 11, 15, 19, 12, 8, 18]],
            [12, []],
            [10, [10]],
            [11, []],
            [8, []],
            [18, []],
            [15, []],
            [19, []],
            [28, [28, 33, 17, 23, 25, 22]],
            [33, []],
            [17, []],
            [23, []],
            [25, []],
            [35, [35, 30, 37, 29, 34, 32]],
            [30, []],
            [22, []],
            [37, []],
            [39, [39]],
            [29, []],
            [46, [46, 47, 50, 45, 40]],
            [47, []],
            [34, []],
            [32, []],
            [50, []],
            [45, []],
            [40, []]
        ],
        [
            [0, [5, 3, 2, 6, 1, 4]],
            [5, []],
            [9, [9, 7, 13]],
            [3, []],
            [2, []],
            [6, []],
            [16, [16]],
            [13, []],
            [26, [26, 21, 24, 31, 20, 27]],
            [1, []],
            [21, []],
            [24, []],
            [31, []],
            [4, []],
            [42, [42]],
            [38, [38, 41, 36]],
            [20, []],
            [41, []],
            [27, []],
            [43, [43, 49, 48, 44]],
            [49, []],
            [48, []],
            [36, []],
            [7, []],
            [44, []]
        ]
    ],
    [
        [
            [14, [14, 11, 15, 19, 12, 8, 18]]
        ],
        [
            [9, [9, 7, 13]]
        ],
        [
            [10, [10]],
            [16, [16]]
        ],
        [
            [26, [26, 21, 24, 31, 20, 27]]
        ],
        [
            [28, [28, 33, 17, 23, 25, 22]]
        ],
        [
            [35, [35, 30, 37, 29, 34, 32]]
        ],
        [
            [42, [42]],
            [39, [39]]
        ],
        [
            [38, [38, 41, 36]]
        ],
        [
            [46, [46, 47, 50, 45, 40]]
        ],
        [
            [43, [43, 49, 48, 44]]
        ]
    ]
]
