solution = [
    [
        [
            [0, [23, 28, 25, 5, 29, 15, 27, 17, 20, 6, 30, 19, 16, 4, 31, 22, 26, 13, 32]],
            [23, []],
            [28, []],
            [25, []],
            [5, [46, 47, 41, 36, 39, 37, 38]],
            [29, []],
            [15, []],
            [46, []],
            [36, []],
            [39, []],
            [27, []],
            [17, []],
            [20, []],
            [6, []],
            [30, []],
            [19, []],
            [16, []],
            [4, []],
            [41, []],
            [31, []],
            [22, []],
            [26, []],
            [13, []],
            [32, []],
            [37, []],
            [47, []],
            [38, []]
        ],
        [
            [0, [14, 3, 10, 24, 35, 34, 8, 21, 7, 9, 18, 1, 2, 33, 12]],
            [14, [48, 50, 49, 45, 43, 44, 42, 40]],
            [3, []],
            [10, []],
            [24, []],
            [35, []],
            [34, []],
            [45, []],
            [48, []],
            [8, []],
            [11, [11]],
            [21, []],
            [43, []],
            [50, []],
            [49, []],
            [7, []],
            [44, []],
            [9, []],
            [42, []],
            [18, []],
            [40, []],
            [1, []],
            [2, []],
            [33, []],
            [12, []]
        ]
    ],
    [
        [
            [14, [48, 50, 49, 45, 43, 44, 42, 40]]
        ],
        [
            [5, [46, 47, 41, 36, 39, 37, 38]],
            [11, [11]]
        ]
    ]
]
