solution = [
    [
        [
            [0, [20, 47, 49, 31, 35, 37, 38, 39, 36, 34, 33, 32, 29, 22, 21, 10, 8, 4, 7]],
            [20, []],
            [47, []],
            [49, []],
            [31, []],
            [35, []],
            [37, []],
            [38, []],
            [39, []],
            [36, []],
            [34, []],
            [33, []],
            [32, []],
            [29, []],
            [22, []],
            [21, []],
            [10, []],
            [8, []],
            [4, []],
            [7, []]
        ],
        [
            [0, [5, 3, 1, 2, 6, 9, 11, 12, 14, 16, 15, 19, 18, 17, 13, 30, 23, 26, 28, 27, 24, 50, 48, 46, 45, 44, 40, 41, 42, 43]],
            [5, []],
            [3, []],
            [1, []],
            [2, []],
            [6, []],
            [9, []],
            [11, []],
            [12, []],
            [14, []],
            [16, []],
            [15, []],
            [19, []],
            [18, []],
            [17, []],
            [13, []],
            [30, []],
            [23, [25]],
            [26, []],
            [28, []],
            [27, []],
            [25, []],
            [24, []],
            [50, []],
            [48, []],
            [46, []],
            [45, []],
            [44, []],
            [40, []],
            [41, []],
            [42, []],
            [43, []]
        ]
    ],
    [
        [
            [23, [25]]
        ]
    ]
]
