solution = [
    [
        [
            [0, [1, 2, 3, 4, 9, 6, 5, 7, 8, 33, 29, 28, 30, 32, 31, 19, 18, 17, 16, 15, 14]],
            [1, [35, 34, 38, 36, 37]],
            [2, []],
            [3, []],
            [4, []],
            [9, []],
            [6, []],
            [5, []],
            [7, []],
            [8, [39, 43, 42, 41, 40]],
            [35, [35]],
            [34, [34]],
            [39, [39]],
            [38, [38]],
            [36, [36]],
            [37, [37]],
            [43, [43]],
            [42, [42]],
            [41, [41]],
            [40, [40]],
            [33, []],
            [29, []],
            [28, []],
            [30, []],
            [32, []],
            [31, []],
            [19, []],
            [18, []],
            [17, []],
            [16, []],
            [15, []],
            [14, []]
        ],
        [
            [0, [13, 20, 21, 27, 23, 22, 24, 26, 25, 12, 11, 10]],
            [13, []],
            [20, []],
            [21, []],
            [27, [50, 46, 47, 48, 49, 44]],
            [45, [45]],
            [44, [44]],
            [50, [50]],
            [46, [46]],
            [47, [47]],
            [48, [48]],
            [49, [49]],
            [23, []],
            [22, []],
            [24, []],
            [26, []],
            [25, []],
            [12, []],
            [11, []],
            [10, []]
        ]
    ],
    [
        [
            [1, [35, 34, 38, 36, 37]]
        ],
        [
            [27, [50, 46, 47, 48, 49, 44]]
        ],
        [
            [8, [39, 43, 42, 41, 40]],
            [45, [45]]
        ]
    ]
]
