solution = [
    [
        [
            [0, [21, 37, 36, 42, 33, 34, 19, 41, 29, 1, 12, 15, 13, 20, 3, 14, 26, 18]],
            [46, [46, 49]],
            [21, []],
            [37, []],
            [36, []],
            [42, []],
            [33, []],
            [34, []],
            [19, []],
            [41, []],
            [29, []],
            [1, []],
            [12, []],
            [15, []],
            [49, [49]],
            [13, []],
            [20, []],
            [3, []],
            [14, []],
            [26, []],
            [18, []]
        ],
        [
            [0, [6, 39, 27, 38, 35, 40, 30, 5, 4, 11, 28, 44, 16, 10, 9, 23, 7, 2, 22, 17, 32, 31, 25, 24, 43, 8]],
            [47, [47, 45, 50, 48]],
            [6, []],
            [39, []],
            [27, []],
            [38, []],
            [35, []],
            [40, []],
            [30, []],
            [5, []],
            [4, []],
            [45, [45]],
            [11, []],
            [28, []],
            [44, []],
            [16, []],
            [50, [50]],
            [10, []],
            [9, []],
            [23, []],
            [7, []],
            [2, []],
            [22, []],
            [17, []],
            [32, []],
            [31, []],
            [25, []],
            [48, [48]],
            [24, []],
            [43, []],
            [8, []]
        ]
    ],
    [
        [
            [46, [46, 49]]
        ],
        [
            [47, [47, 45, 50, 48]]
        ]
    ]
]
