solution = [
    [
        [
            [0, [26, 28, 29, 27, 36, 35, 34, 33, 32, 31, 30]],
            [26, [42, 43, 44]],
            [28, []],
            [42, [47, 46, 45, 48, 49, 50]],
            [43, []],
            [44, []],
            [47, []],
            [46, []],
            [45, []],
            [29, []],
            [27, []],
            [48, []],
            [49, []],
            [50, []],
            [36, []],
            [35, []],
            [34, []],
            [33, []],
            [32, []],
            [31, []],
            [30, []]
        ],
        [
            [0, [7, 8, 9, 10, 11, 12, 22, 21, 20, 19, 23, 24, 25, 6, 1, 2, 5, 4, 3, 13, 14, 15, 18, 17, 16]],
            [7, []],
            [8, []],
            [9, []],
            [10, []],
            [11, []],
            [12, []],
            [22, []],
            [21, []],
            [20, []],
            [19, []],
            [23, [37, 41, 40, 39, 38]],
            [24, []],
            [25, []],
            [37, []],
            [6, []],
            [1, []],
            [2, []],
            [5, []],
            [4, []],
            [3, []],
            [13, []],
            [14, []],
            [15, []],
            [41, []],
            [40, []],
            [39, []],
            [38, []],
            [18, []],
            [17, []],
            [16, []]
        ]
    ],
    [
        [
            [26, [42, 43, 44]]
        ],
        [
            [42, [47, 46, 45, 48, 49, 50]]
        ],
        [
            [23, [37, 41, 40, 39, 38]]
        ]
    ]
]
