solution = [
    [
        [
            [0, [1]],
            [11, [11, 10, 9, 5]],
            [38, [38, 14, 18, 17]],
            [14, [14]],
            [31, [31, 29, 12]],
            [9, [9]],
            [18, [18]],
            [45, [45, 42, 22, 30]],
            [29, [29]],
            [22, [41, 32, 36, 26]],
            [32, [32]],
            [42, [42]],
            [1, []],
            [36, [36]],
            [49, [49, 34, 35, 43]],
            [41, [41]],
            [12, [12]],
            [10, [10]],
            [17, [17]],
            [34, [34]],
            [35, [35]],
            [43, [43]],
            [26, [26]],
            [5, [5]],
            [30, [30]]
        ],
        [
            [0, [3, 4, 2]],
            [13, [13, 7, 6, 15]],
            [19, [19, 24, 23, 25]],
            [7, [7]],
            [6, [6]],
            [15, [15]],
            [3, []],
            [47, [47, 40, 27, 21]],
            [25, [25]],
            [46, [46, 39, 37, 16]],
            [39, [39]],
            [27, [27]],
            [24, [24]],
            [37, [37]],
            [48, [48, 50, 8]],
            [23, [23]],
            [50, [50]],
            [40, [40]],
            [21, [21]],
            [44, [44, 33, 28, 20]],
            [4, []],
            [33, [33]],
            [16, [16]],
            [8, [8]],
            [2, []],
            [28, [28]],
            [20, [20]]
        ]
    ],
    [
        [
            [11, [11, 10, 9, 5]]
        ],
        [
            [13, [13, 7, 6, 15]]
        ],
        [
            [19, [19, 24, 23, 25]]
        ],
        [
            [38, [38, 14, 18, 17]]
        ],
        [
            [31, [31, 29, 12]]
        ],
        [
            [47, [47, 40, 27, 21]]
        ],
        [
            [46, [46, 39, 37, 16]]
        ],
        [
            [45, [45, 42, 22, 30]]
        ],
        [
            [22, [41, 32, 36, 26]]
        ],
        [
            [48, [48, 50, 8]]
        ],
        [
            [44, [44, 33, 28, 20]]
        ],
        [
            [49, [49, 34, 35, 43]]
        ]
    ]
]
