solution = [
    [
        [
            [0, [29, 19, 18, 36, 7, 26, 30, 13, 10, 12, 34, 21, 28, 25, 27, 20, 31, 8, 32, 11, 6, 4]],
            [29, [48, 49, 46, 45, 39, 42, 38, 41]],
            [19, []],
            [18, []],
            [46, []],
            [36, []],
            [39, []],
            [42, []],
            [7, []],
            [45, []],
            [26, []],
            [30, []],
            [48, []],
            [13, []],
            [10, []],
            [12, []],
            [38, []],
            [34, []],
            [21, []],
            [28, []],
            [25, []],
            [41, []],
            [27, []],
            [20, []],
            [31, []],
            [8, []],
            [32, []],
            [49, []],
            [11, []],
            [6, []],
            [4, []]
        ],
        [
            [0, [15, 2, 37, 23, 9, 24, 3, 22, 1, 35, 16, 14, 33, 5, 17]],
            [15, [50, 47, 43, 44, 40]],
            [2, []],
            [37, []],
            [23, []],
            [43, []],
            [40, []],
            [50, []],
            [9, []],
            [24, []],
            [3, []],
            [22, []],
            [1, []],
            [35, []],
            [44, []],
            [16, []],
            [14, []],
            [47, []],
            [33, []],
            [5, []],
            [17, []]
        ]
    ],
    [
        [
            [15, [50, 47, 43, 44, 40]]
        ],
        [
            [29, [48, 49, 46, 45, 39, 42, 38, 41]]
        ]
    ]
]
