solution = [
    [
        [
            [0, [22, 23, 24, 25, 18, 20, 21, 42, 40, 41, 19, 17]],
            [22, []],
            [23, []],
            [24, []],
            [25, []],
            [50, [50, 49, 48, 47, 46, 45, 44, 43]],
            [49, []],
            [48, []],
            [47, []],
            [46, []],
            [45, []],
            [18, []],
            [20, []],
            [21, []],
            [44, []],
            [43, []],
            [42, []],
            [40, []],
            [41, []],
            [19, []],
            [17, []]
        ],
        [
            [0, [5, 6, 7, 8, 37, 36, 16, 15, 13, 14, 34, 35, 33, 31, 30, 32, 4, 2, 1, 3, 10, 9, 11, 29, 28, 27, 26, 12]],
            [5, []],
            [6, []],
            [7, []],
            [8, []],
            [37, []],
            [36, [38, 39]],
            [16, []],
            [15, []],
            [13, []],
            [14, []],
            [34, []],
            [35, []],
            [33, []],
            [31, []],
            [30, []],
            [32, []],
            [4, []],
            [2, []],
            [1, []],
            [3, []],
            [10, []],
            [9, []],
            [11, []],
            [38, []],
            [29, []],
            [39, []],
            [28, []],
            [27, []],
            [26, []],
            [12, []]
        ]
    ],
    [
        [
            [36, [38, 39]]
        ],
        [
            [50, [50, 49, 48, 47, 46, 45, 44, 43]]
        ]
    ]
]
