solution = [
    [
        [
            [0, [26, 1, 49, 11, 35, 33, 3, 29, 22, 4, 24, 7, 47, 36, 17, 45, 48, 8, 30, 9, 20, 27, 37]],
            [26, []],
            [1, [32]],
            [49, []],
            [11, []],
            [35, []],
            [33, []],
            [3, []],
            [29, []],
            [22, []],
            [4, []],
            [24, []],
            [7, []],
            [47, []],
            [36, []],
            [17, []],
            [45, []],
            [48, []],
            [8, []],
            [30, []],
            [9, []],
            [20, []],
            [32, []],
            [27, []],
            [37, []]
        ],
        [
            [0, [23, 43, 16, 46, 19, 5, 13, 2, 10, 31, 18, 38, 44, 14, 15, 42, 6, 21, 40, 41, 39, 25, 34, 12, 50, 28]],
            [23, []],
            [43, []],
            [16, []],
            [46, []],
            [19, []],
            [5, []],
            [13, []],
            [2, []],
            [10, []],
            [31, []],
            [18, []],
            [38, []],
            [44, []],
            [14, []],
            [15, []],
            [42, []],
            [6, []],
            [21, []],
            [40, []],
            [41, []],
            [39, []],
            [25, []],
            [34, []],
            [12, []],
            [50, []],
            [28, []]
        ]
    ],
    [
        [
            [1, [32]]
        ]
    ]
]
