solution = [
    [
        [
            [0, [1, 2, 3, 6, 5, 7, 4]],
            [1, []],
            [2, []],
            [3, []],
            [6, []],
            [5, []],
            [18, [18, 20, 14]],
            [20, [38, 32, 13, 16]],
            [36, [36, 41, 17]],
            [41, [43, 35, 46, 24]],
            [38, []],
            [32, [47, 39, 49, 27]],
            [14, []],
            [47, []],
            [39, []],
            [13, []],
            [16, []],
            [7, []],
            [49, []],
            [27, []],
            [43, []],
            [17, []],
            [35, []],
            [4, []],
            [24, []],
            [46, []]
        ],
        [
            [0, [11, 10, 12, 8, 9]],
            [11, []],
            [29, [29, 25, 31, 22]],
            [10, [26, 23, 19, 15]],
            [12, []],
            [25, []],
            [31, []],
            [22, []],
            [45, [45, 48, 40, 28]],
            [48, []],
            [40, []],
            [28, [50, 44, 21, 33]],
            [33, []],
            [26, []],
            [23, []],
            [8, []],
            [19, []],
            [50, []],
            [44, []],
            [9, []],
            [21, []],
            [15, []],
            [37, [37, 30, 42, 34]],
            [42, []],
            [34, []],
            [30, []]
        ]
    ],
    [
        [
            [29, [29, 25, 31, 22]]
        ],
        [
            [18, [18, 20, 14]]
        ],
        [
            [10, [26, 23, 19, 15]]
        ],
        [
            [20, [38, 32, 13, 16]]
        ],
        [
            [36, [36, 41, 17]]
        ],
        [
            [41, [43, 35, 46, 24]]
        ],
        [
            [45, [45, 48, 40, 28]]
        ],
        [
            [32, [47, 39, 49, 27]]
        ],
        [
            [28, [50, 44, 21, 33]]
        ],
        [
            [37, [37, 30, 42, 34]]
        ]
    ]
]
