solution = [
    [
        [
            [0, [2, 6, 4, 3]],
            [13, [13, 14, 8, 7]],
            [14, []],
            [8, []],
            [2, []],
            [6, []],
            [7, []],
            [4, []],
            [24, [24, 18, 21]],
            [21, []],
            [3, []],
            [18, []],
            [28, [28, 33, 31, 23]],
            [33, []],
            [23, []],
            [31, []],
            [16, [16, 26, 27]],
            [26, []],
            [38, [38, 41, 36, 42]],
            [42, []],
            [41, []],
            [43, [43, 49, 48, 44]],
            [49, []],
            [27, []],
            [48, []],
            [36, []],
            [44, []]
        ],
        [
            [0, [5]],
            [1, [1, 9]],
            [12, [12, 17, 11, 10]],
            [19, [19, 15, 25, 20]],
            [15, []],
            [17, []],
            [30, [30]],
            [25, []],
            [5, []],
            [11, []],
            [10, []],
            [37, [37, 34]],
            [9, []],
            [22, [22, 29, 32]],
            [35, [35, 39, 40]],
            [34, []],
            [29, []],
            [46, [46, 47, 50, 45]],
            [47, []],
            [39, []],
            [32, []],
            [50, []],
            [20, []],
            [45, []],
            [40, []]
        ]
    ],
    [
        [
            [1, [1, 9]]
        ],
        [
            [13, [13, 14, 8, 7]]
        ],
        [
            [12, [12, 17, 11, 10]]
        ],
        [
            [24, [24, 18, 21]]
        ],
        [
            [19, [19, 15, 25, 20]]
        ],
        [
            [30, [30]]
        ],
        [
            [28, [28, 33, 31, 23]]
        ],
        [
            [16, [16, 26, 27]]
        ],
        [
            [37, [37, 34]]
        ],
        [
            [22, [22, 29, 32]]
        ],
        [
            [38, [38, 41, 36, 42]]
        ],
        [
            [35, [35, 39, 40]]
        ],
        [
            [46, [46, 47, 50, 45]]
        ],
        [
            [43, [43, 49, 48, 44]]
        ]
    ]
]
