solution = [
    [
        [
            [0, [1]],
            [11, [11, 10, 9, 5]],
            [38, [38, 14, 18, 17]],
            [14, []],
            [31, [31, 29, 12]],
            [9, []],
            [18, []],
            [45, [45, 42, 22, 30]],
            [29, []],
            [22, [41, 32, 36, 26]],
            [32, []],
            [42, []],
            [1, []],
            [36, []],
            [49, [49, 34, 35, 43]],
            [41, []],
            [12, []],
            [10, []],
            [17, []],
            [34, []],
            [35, []],
            [43, []],
            [26, []],
            [5, []],
            [30, []]
        ],
        [
            [0, [3, 4, 2]],
            [13, [13, 7, 6, 15]],
            [19, [19, 24, 23, 25]],
            [7, []],
            [6, []],
            [15, []],
            [3, []],
            [47, [47, 40, 27, 21]],
            [25, []],
            [46, [46, 39, 37, 16]],
            [39, []],
            [27, []],
            [24, []],
            [37, []],
            [48, [48, 50, 8]],
            [23, []],
            [50, []],
            [40, []],
            [21, []],
            [44, [44, 33, 28, 20]],
            [4, []],
            [33, []],
            [16, []],
            [8, []],
            [2, []],
            [28, []],
            [20, []]
        ]
    ],
    [
        [
            [11, [11, 10, 9, 5]]
        ],
        [
            [13, [13, 7, 6, 15]]
        ],
        [
            [19, [19, 24, 23, 25]]
        ],
        [
            [38, [38, 14, 18, 17]]
        ],
        [
            [31, [31, 29, 12]]
        ],
        [
            [47, [47, 40, 27, 21]]
        ],
        [
            [46, [46, 39, 37, 16]]
        ],
        [
            [45, [45, 42, 22, 30]]
        ],
        [
            [22, [41, 32, 36, 26]]
        ],
        [
            [48, [48, 50, 8]]
        ],
        [
            [44, [44, 33, 28, 20]]
        ],
        [
            [49, [49, 34, 35, 43]]
        ]
    ]
]
