solution = [
    [
        [
            [0, [35, 7, 1, 2, 4, 3, 5, 36, 39, 38, 33, 31, 49, 48, 50, 42, 45, 44, 46, 47, 43]],
            [35, [32, 34, 37]],
            [7, [25, 40]],
            [1, []],
            [2, []],
            [4, []],
            [3, []],
            [5, []],
            [25, []],
            [36, []],
            [39, []],
            [38, []],
            [37, []],
            [34, []],
            [33, []],
            [32, []],
            [31, []],
            [49, []],
            [48, []],
            [50, []],
            [42, []],
            [40, []],
            [45, []],
            [44, []],
            [46, []],
            [47, []],
            [43, []]
        ],
        [
            [0, [11, 19, 16, 14, 15, 18, 17, 13, 12, 9, 6, 8, 10, 23, 22, 27, 28, 26, 30, 29, 24, 20, 21, 41]],
            [11, []],
            [19, []],
            [16, []],
            [14, []],
            [15, []],
            [18, []],
            [17, []],
            [13, []],
            [12, []],
            [9, []],
            [6, []],
            [8, []],
            [10, []],
            [23, []],
            [22, []],
            [27, []],
            [28, []],
            [26, []],
            [30, []],
            [29, []],
            [24, []],
            [20, []],
            [21, []],
            [41, []]
        ]
    ],
    [
        [
            [35, [32, 34, 37]]
        ],
        [
            [7, [25, 40]]
        ]
    ]
]
