solution = [
    [
        [
            [0, [10, 11, 9, 13, 15, 16, 17, 47, 14, 12, 7, 6, 2, 4, 8, 46, 45, 5, 3, 1, 43, 44, 42, 39, 38, 36, 35, 40, 41]],
            [10, []],
            [11, []],
            [9, []],
            [13, []],
            [15, []],
            [16, []],
            [17, []],
            [47, []],
            [14, []],
            [12, []],
            [7, []],
            [6, []],
            [2, []],
            [4, []],
            [8, []],
            [46, []],
            [45, []],
            [5, []],
            [3, []],
            [1, []],
            [43, []],
            [44, []],
            [42, []],
            [39, []],
            [38, []],
            [37, [37]],
            [36, []],
            [35, []],
            [40, []],
            [41, []]
        ],
        [
            [0, [50, 34, 31, 29, 27, 26, 28, 30, 32, 33, 18, 25, 23, 21, 48, 19, 49, 20, 24, 22]],
            [50, []],
            [34, []],
            [31, []],
            [29, []],
            [27, []],
            [26, []],
            [28, []],
            [30, []],
            [32, []],
            [33, []],
            [18, []],
            [25, []],
            [23, []],
            [21, []],
            [48, []],
            [19, []],
            [49, []],
            [20, []],
            [24, []],
            [22, []]
        ]
    ],
    [
        [
            [37, [37]]
        ]
    ]
]
