solution = [
    [
        [
            [0, [6, 5, 7, 18, 19, 20, 21, 28, 27, 26, 25, 24, 23, 22]],
            [6, []],
            [5, []],
            [7, []],
            [18, []],
            [19, []],
            [20, [50, 43, 42, 39, 41, 40]],
            [50, []],
            [43, []],
            [42, []],
            [39, []],
            [21, []],
            [41, []],
            [40, [36, 35, 37, 38]],
            [36, []],
            [35, []],
            [28, []],
            [37, []],
            [38, []],
            [27, []],
            [26, []],
            [25, []],
            [24, []],
            [23, []],
            [22, []]
        ],
        [
            [0, [1, 2, 3, 4, 15, 16, 17, 13, 14, 12, 10, 9, 8, 11]],
            [1, []],
            [2, []],
            [3, []],
            [4, [33, 34, 30, 29, 32, 31]],
            [15, []],
            [16, []],
            [17, []],
            [33, [44, 45, 46, 47, 48, 49]],
            [34, []],
            [44, []],
            [45, []],
            [46, []],
            [47, []],
            [48, []],
            [49, []],
            [30, []],
            [29, []],
            [13, []],
            [14, []],
            [12, []],
            [32, []],
            [31, []],
            [10, []],
            [9, []],
            [8, []],
            [11, []]
        ]
    ],
    [
        [
            [4, [33, 34, 30, 29, 32, 31]]
        ],
        [
            [33, [44, 45, 46, 47, 48, 49]]
        ],
        [
            [20, [50, 43, 42, 39, 41, 40]]
        ],
        [
            [40, [36, 35, 37, 38]]
        ]
    ]
]
