solution = [
    [
        [
            [0, [6, 5]],
            [12, [12, 10]],
            [10, []],
            [9, [9, 11, 7]],
            [7, []],
            [11, []],
            [1, [1]],
            [8, [8, 14, 16]],
            [14, []],
            [16, []],
            [27, [27, 26, 25]],
            [26, []],
            [25, []],
            [24, [24, 23, 29]],
            [23, []],
            [4, [4]],
            [6, []],
            [29, []],
            [36, [36, 40, 45, 46, 38, 37, 39]],
            [40, []],
            [45, []],
            [46, []],
            [38, []],
            [37, []],
            [39, []],
            [50, [50, 49, 41]],
            [49, []],
            [41, []],
            [5, []]
        ],
        [
            [0, []],
            [2, [2]],
            [13, [13]],
            [15, [15]],
            [17, [17, 22, 21, 20, 19, 18]],
            [22, []],
            [21, []],
            [20, []],
            [19, []],
            [18, []],
            [3, [3]],
            [30, [30, 31, 34, 32, 33, 35, 28]],
            [31, []],
            [28, []],
            [44, [44, 43, 42]],
            [43, []],
            [42, []],
            [32, []],
            [33, []],
            [34, []],
            [35, []],
            [48, [48, 47]],
            [47, []]
        ]
    ],
    [
        [
            [12, [12, 10]],
            [2, [2]]
        ],
        [
            [9, [9, 11, 7]]
        ],
        [
            [13, [13]],
            [1, [1]]
        ],
        [
            [8, [8, 14, 16]],
            [15, [15]]
        ],
        [
            [17, [17, 22, 21, 20, 19, 18]]
        ],
        [
            [27, [27, 26, 25]],
            [3, [3]]
        ],
        [
            [24, [24, 23, 29]]
        ],
        [
            [30, [30, 31, 34, 32, 33, 35, 28]],
            [4, [4]]
        ],
        [
            [36, [36, 40, 45, 46, 38, 37, 39]]
        ],
        [
            [44, [44, 43, 42]]
        ],
        [
            [50, [50, 49, 41]]
        ],
        [
            [48, [48, 47]]
        ]
    ]
]
