solution = [
    [
        [
            [0, [43, 36, 35, 38, 44, 45, 4, 2, 3, 5, 46, 1, 7, 6, 8, 11, 16, 17, 47, 14, 15, 10, 13]],
            [43, []],
            [36, []],
            [35, []],
            [38, []],
            [44, []],
            [45, [41, 12]],
            [4, []],
            [2, []],
            [3, []],
            [5, []],
            [46, []],
            [1, []],
            [41, []],
            [7, []],
            [6, []],
            [8, []],
            [11, []],
            [12, []],
            [16, []],
            [17, []],
            [47, []],
            [14, []],
            [15, []],
            [10, []],
            [13, []],
            [9, [9]]
        ],
        [
            [0, [22, 24, 49, 19, 48, 21, 23, 25, 18, 20, 33, 32, 30, 28, 26, 27, 29, 31, 34, 50, 37, 40, 39, 42]],
            [22, []],
            [24, []],
            [49, []],
            [19, []],
            [48, []],
            [21, []],
            [23, []],
            [25, []],
            [18, []],
            [20, []],
            [33, []],
            [32, []],
            [30, []],
            [28, []],
            [26, []],
            [27, []],
            [29, []],
            [31, []],
            [34, []],
            [50, []],
            [37, []],
            [40, []],
            [39, []],
            [42, []]
        ]
    ],
    [
        [
            [45, [41, 12]]
        ],
        [
            [9, [9]]
        ]
    ]
]
