solution = [
    [
        [
            [0, [2, 3, 1, 4]],
            [2, [5, 6]],
            [6, [6]],
            [5, [5]],
            [3, []],
            [1, [17, 14, 13, 16, 7, 15]],
            [36, [36, 24, 35, 37, 32, 27, 20]],
            [41, [41]],
            [24, [24]],
            [4, []],
            [35, [35]],
            [17, [43, 38, 47, 39, 49]],
            [43, [43]],
            [37, [37]],
            [38, [38]],
            [32, [32]],
            [14, [14]],
            [47, [47]],
            [39, [39]],
            [13, [13]],
            [16, [16]],
            [7, [7]],
            [49, [49]],
            [27, [27]],
            [15, [15]],
            [20, [20]]
        ],
        [
            [0, [11, 12, 10, 8, 9]],
            [11, []],
            [12, []],
            [10, [25, 18, 26, 23, 19, 21, 22]],
            [25, [25]],
            [29, [29, 31, 28, 34, 30, 40, 33]],
            [18, [18]],
            [31, [31]],
            [22, [22]],
            [45, [45, 50, 44, 42, 48, 46]],
            [48, [48]],
            [40, [40]],
            [28, [28]],
            [33, [33]],
            [26, [26]],
            [23, [23]],
            [8, []],
            [19, [19]],
            [50, [50]],
            [44, [44]],
            [9, []],
            [21, [21]],
            [42, [42]],
            [34, [34]],
            [46, [46]],
            [30, [30]]
        ]
    ],
    [
        [
            [2, [5, 6]]
        ],
        [
            [1, [17, 14, 13, 16, 7, 15]]
        ],
        [
            [10, [25, 18, 26, 23, 19, 21, 22]]
        ],
        [
            [36, [36, 24, 35, 37, 32, 27, 20]]
        ],
        [
            [29, [29, 31, 28, 34, 30, 40, 33]]
        ],
        [
            [41, [41]]
        ],
        [
            [45, [45, 50, 44, 42, 48, 46]]
        ],
        [
            [17, [43, 38, 47, 39, 49]]
        ]
    ]
]
