solution = [
    [
        [
            [0, [2, 3, 4, 5, 1]],
            [19, [19]],
            [14, [14, 16, 7, 10, 9, 12]],
            [16, []],
            [20, [20]],
            [2, []],
            [3, []],
            [4, []],
            [26, [26, 28, 30, 27, 13]],
            [28, []],
            [30, []],
            [27, []],
            [7, []],
            [10, []],
            [9, []],
            [41, [41, 40, 39, 38, 29]],
            [40, []],
            [39, []],
            [38, []],
            [12, []],
            [13, []],
            [29, []],
            [42, [42, 43, 44, 49, 48]],
            [43, []],
            [44, []],
            [49, []],
            [48, []],
            [5, []],
            [1, []]
        ],
        [
            [0, [11, 8]],
            [11, []],
            [8, []],
            [15, [15]],
            [6, [6]],
            [21, [21, 17]],
            [17, []],
            [18, [18]],
            [31, [31, 32, 33, 34, 37, 36, 35]],
            [32, []],
            [33, []],
            [34, []],
            [22, [22, 24, 25, 23]],
            [24, []],
            [25, []],
            [37, []],
            [36, []],
            [35, []],
            [50, [50, 45, 46, 47]],
            [23, []],
            [45, []],
            [46, []],
            [47, []]
        ]
    ],
    [
        [
            [19, [19]],
            [15, [15]]
        ],
        [
            [14, [14, 16, 7, 10, 9, 12]],
            [6, [6]]
        ],
        [
            [20, [20]],
            [21, [21, 17]]
        ],
        [
            [26, [26, 28, 30, 27, 13]],
            [18, [18]]
        ],
        [
            [31, [31, 32, 33, 34, 37, 36, 35]]
        ],
        [
            [22, [22, 24, 25, 23]]
        ],
        [
            [41, [41, 40, 39, 38, 29]]
        ],
        [
            [50, [50, 45, 46, 47]]
        ],
        [
            [42, [42, 43, 44, 49, 48]]
        ]
    ]
]
