solution = [
    [
        [
            [0, [4, 3]],
            [10, [10, 14, 17, 16, 19, 20, 18, 9]],
            [4, []],
            [14, []],
            [9, []],
            [17, []],
            [16, []],
            [19, [27, 22, 7]],
            [27, []],
            [20, []],
            [38, [38, 36, 37, 39]],
            [36, []],
            [37, []],
            [39, []],
            [18, []],
            [22, []],
            [3, []],
            [7, [47, 48, 49]],
            [47, []],
            [48, []],
            [49, []]
        ],
        [
            [0, [2, 5, 1]],
            [13, [13, 12, 8, 15, 11, 6, 21]],
            [12, []],
            [8, []],
            [15, []],
            [11, []],
            [6, []],
            [2, [25, 33, 31, 34, 24, 23, 26, 28]],
            [25, []],
            [33, []],
            [31, []],
            [34, []],
            [24, []],
            [23, []],
            [21, [42, 40, 41, 44, 43, 45, 29, 30]],
            [42, []],
            [40, []],
            [41, []],
            [44, []],
            [43, []],
            [45, []],
            [26, []],
            [28, [46, 50, 35, 32]],
            [29, []],
            [30, []],
            [46, []],
            [50, []],
            [35, []],
            [32, []],
            [5, []],
            [1, []]
        ]
    ],
    [
        [
            [10, [10, 14, 17, 16, 19, 20, 18, 9]]
        ],
        [
            [13, [13, 12, 8, 15, 11, 6, 21]]
        ],
        [
            [2, [25, 33, 31, 34, 24, 23, 26, 28]]
        ],
        [
            [19, [27, 22, 7]]
        ],
        [
            [38, [38, 36, 37, 39]]
        ],
        [
            [21, [42, 40, 41, 44, 43, 45, 29, 30]]
        ],
        [
            [7, [47, 48, 49]]
        ],
        [
            [28, [46, 50, 35, 32]]
        ]
    ]
]
