solution = [
    [
        [
            [0, [9, 18, 11, 22, 1, 12, 10, 17, 2, 8, 16]],
            [9, [29, 28, 30]],
            [18, []],
            [29, []],
            [45, [45, 31, 32, 36, 34, 42]],
            [11, []],
            [31, []],
            [32, []],
            [22, []],
            [42, [49, 41, 35]],
            [1, []],
            [36, []],
            [49, []],
            [41, []],
            [12, []],
            [10, []],
            [17, []],
            [34, []],
            [35, []],
            [2, []],
            [8, []],
            [16, []],
            [28, []],
            [30, []]
        ],
        [
            [0, [5, 3, 7, 6, 4]],
            [5, [15]],
            [3, []],
            [15, []],
            [7, []],
            [19, [19, 21, 20, 13, 14]],
            [13, []],
            [6, []],
            [47, [47, 46, 39, 27, 40, 50, 23, 26]],
            [25, [25, 24, 44, 48, 37, 33]],
            [46, []],
            [39, []],
            [27, []],
            [48, []],
            [23, []],
            [40, []],
            [50, []],
            [33, []],
            [4, []],
            [44, []],
            [21, []],
            [37, []],
            [24, []],
            [26, []],
            [43, [43, 38]],
            [20, []],
            [38, []],
            [14, []]
        ]
    ],
    [
        [
            [5, [15]],
            [9, [29, 28, 30]]
        ],
        [
            [19, [19, 21, 20, 13, 14]]
        ],
        [
            [45, [45, 31, 32, 36, 34, 42]]
        ],
        [
            [47, [47, 46, 39, 27, 40, 50, 23, 26]]
        ],
        [
            [25, [25, 24, 44, 48, 37, 33]]
        ],
        [
            [42, [49, 41, 35]]
        ],
        [
            [43, [43, 38]]
        ]
    ]
]
