solution = [
    [
        [
            [0, [17, 19, 40, 41, 42, 43, 44, 21, 20, 18, 45, 46, 47, 48, 49, 50, 25, 24, 23, 22]],
            [17, []],
            [19, []],
            [40, []],
            [41, []],
            [42, []],
            [43, []],
            [44, []],
            [21, []],
            [20, []],
            [18, []],
            [45, []],
            [46, []],
            [47, []],
            [48, []],
            [49, []],
            [50, []],
            [25, []],
            [24, []],
            [23, []],
            [22, []]
        ],
        [
            [0, [5, 6, 7, 8, 36, 37, 16, 15, 14, 13, 34, 35, 33, 31, 30, 32, 4, 1, 2, 3, 12, 10, 9, 11, 38, 29, 39, 28, 27, 26]],
            [5, []],
            [6, []],
            [7, []],
            [8, []],
            [36, []],
            [37, []],
            [16, []],
            [15, []],
            [14, []],
            [13, []],
            [34, []],
            [35, []],
            [33, []],
            [31, []],
            [30, []],
            [32, []],
            [4, []],
            [1, []],
            [2, []],
            [3, []],
            [12, []],
            [10, []],
            [9, []],
            [11, []],
            [38, []],
            [29, []],
            [39, []],
            [28, []],
            [27, []],
            [26, []]
        ]
    ],
    [
    ]
]
