solution = [
    [
        [
            [0, [4, 3, 6, 5]],
            [4, []],
            [3, []],
            [6, []],
            [7, [7]],
            [14, [14, 11, 10, 13]],
            [11, [11]],
            [10, [27, 26, 28, 29]],
            [25, [25, 12, 16, 15]],
            [27, [27]],
            [26, [26]],
            [28, [28]],
            [13, [13]],
            [12, [12]],
            [16, [47, 46, 45, 31]],
            [47, [47]],
            [46, [46]],
            [45, [45]],
            [15, [48, 49, 50, 30]],
            [31, [31]],
            [48, [48]],
            [49, [49]],
            [50, [50]],
            [30, [30]],
            [29, [29]],
            [5, []]
        ],
        [
            [0, [1, 2, 8]],
            [1, []],
            [2, []],
            [9, [9]],
            [8, []],
            [20, [20, 22, 17, 18]],
            [22, [22]],
            [17, [17]],
            [18, [35, 34, 33, 32]],
            [35, [35]],
            [34, [41, 40]],
            [33, [33]],
            [32, [36, 44, 43, 42]],
            [19, [19, 21, 23, 24]],
            [21, [37, 38, 39]],
            [23, [23]],
            [36, [36]],
            [44, [44]],
            [43, [43]],
            [42, [42]],
            [41, [41]],
            [24, [24]],
            [40, [40]],
            [37, [37]],
            [38, [38]],
            [39, [39]]
        ]
    ],
    [
        [
            [9, [9]],
            [7, [7]]
        ],
        [
            [14, [14, 11, 10, 13]]
        ],
        [
            [20, [20, 22, 17, 18]]
        ],
        [
            [10, [27, 26, 28, 29]]
        ],
        [
            [25, [25, 12, 16, 15]]
        ],
        [
            [18, [35, 34, 33, 32]]
        ],
        [
            [34, [41, 40]]
        ],
        [
            [32, [36, 44, 43, 42]]
        ],
        [
            [16, [47, 46, 45, 31]]
        ],
        [
            [19, [19, 21, 23, 24]]
        ],
        [
            [21, [37, 38, 39]]
        ],
        [
            [15, [48, 49, 50, 30]]
        ]
    ]
]
