solution = [
    [
        [
            [0, [5]],
            [9, [9]],
            [11, [11, 13, 15]],
            [5, []],
            [13, []],
            [15, []],
            [16, [16]],
            [27, [27, 25, 24, 26]],
            [25, []],
            [24, []],
            [26, []],
            [23, [23, 33, 35]],
            [38, [38]],
            [44, [44, 43, 42]],
            [43, []],
            [42, []],
            [33, []],
            [35, []],
            [48, [48, 47]],
            [47, []]
        ],
        [
            [0, [6, 3, 4, 2, 1]],
            [6, []],
            [3, []],
            [4, []],
            [2, []],
            [1, []],
            [7, [7, 8, 10]],
            [8, []],
            [10, []],
            [12, [12, 14, 17]],
            [14, []],
            [17, []],
            [20, [20, 19, 22, 21]],
            [19, []],
            [22, []],
            [21, []],
            [18, [18]],
            [29, [29, 28, 34, 30]],
            [28, []],
            [34, []],
            [30, []],
            [31, [31, 32, 41, 40]],
            [32, []],
            [46, [46, 45, 37, 39]],
            [45, []],
            [41, []],
            [40, []],
            [37, []],
            [39, []],
            [50, [50, 49, 36]],
            [49, []],
            [36, []]
        ]
    ],
    [
        [
            [7, [7, 8, 10]]
        ],
        [
            [9, [9]]
        ],
        [
            [11, [11, 13, 15]]
        ],
        [
            [12, [12, 14, 17]]
        ],
        [
            [16, [16]]
        ],
        [
            [20, [20, 19, 22, 21]]
        ],
        [
            [18, [18]]
        ],
        [
            [27, [27, 25, 24, 26]]
        ],
        [
            [23, [23, 33, 35]]
        ],
        [
            [29, [29, 28, 34, 30]]
        ],
        [
            [31, [31, 32, 41, 40]]
        ],
        [
            [38, [38]]
        ],
        [
            [44, [44, 43, 42]]
        ],
        [
            [46, [46, 45, 37, 39]]
        ],
        [
            [50, [50, 49, 36]]
        ],
        [
            [48, [48, 47]]
        ]
    ]
]
