solution = [
    [
        [
            [0, []],
            [13, [13, 11, 12, 14, 15, 9]],
            [11, [11]],
            [12, [12]],
            [14, [14]],
            [15, [15]],
            [25, [25, 28, 27, 26, 24, 23, 29]],
            [24, [24]],
            [23, [23]],
            [36, [36]],
            [44, [44, 43, 42, 41, 40, 37, 38]],
            [43, [43]],
            [42, [42]],
            [41, [41]],
            [40, [40]],
            [37, [37]],
            [38, [38]],
            [39, [39, 30, 31, 50, 49, 48]],
            [30, [30]],
            [29, [29]],
            [50, [50]],
            [49, [49]],
            [48, [48]],
            [31, [31]],
            [28, [28]],
            [27, [27]],
            [26, [26]],
            [9, [9]]
        ],
        [
            [0, [1, 4, 5, 3, 2, 7]],
            [1, []],
            [4, []],
            [5, []],
            [3, []],
            [2, []],
            [7, []],
            [6, [6]],
            [22, [22, 20, 21, 19, 17, 18, 10, 16]],
            [20, [20]],
            [21, [21]],
            [19, [19]],
            [8, [35, 34, 33, 32, 8]],
            [17, [17]],
            [18, [18]],
            [35, [35]],
            [34, [34]],
            [33, [33]],
            [32, [32]],
            [47, [47, 46, 45]],
            [46, [46]],
            [45, [45]],
            [16, [16]],
            [10, [10]]
        ]
    ],
    [
        [
            [13, [13, 11, 12, 14, 15, 9]],
            [6, [6]]
        ],
        [
            [22, [22, 20, 21, 19, 17, 18, 10, 16]]
        ],
        [
            [25, [25, 28, 27, 26, 24, 23, 29]]
        ],
        [
            [8, [35, 34, 33, 32, 8]]
        ],
        [
            [36, [36]]
        ],
        [
            [44, [44, 43, 42, 41, 40, 37, 38]]
        ],
        [
            [39, [39, 30, 31, 50, 49, 48]]
        ],
        [
            [47, [47, 46, 45]]
        ]
    ]
]
