solution = [
    [
        [
            [0, [26, 28, 47, 46, 45, 32, 31, 30, 29, 27, 48, 49, 50, 39, 38, 37, 36, 35, 34, 33]],
            [26, []],
            [28, []],
            [47, []],
            [46, []],
            [45, []],
            [32, []],
            [31, []],
            [30, []],
            [29, []],
            [27, []],
            [48, []],
            [49, []],
            [50, []],
            [39, []],
            [38, []],
            [37, []],
            [36, []],
            [35, []],
            [34, []],
            [33, []]
        ],
        [
            [0, [16, 17, 18, 19, 44, 43, 20, 15, 14, 13, 1, 2, 3, 4, 5, 6, 40, 41, 42, 25, 22, 21, 23, 24, 11, 12, 10, 9, 8, 7]],
            [16, []],
            [17, []],
            [18, []],
            [19, []],
            [44, []],
            [43, []],
            [20, []],
            [15, []],
            [14, []],
            [13, []],
            [1, []],
            [2, []],
            [3, []],
            [4, []],
            [5, []],
            [6, []],
            [40, []],
            [41, []],
            [42, []],
            [25, []],
            [22, []],
            [21, []],
            [23, []],
            [24, []],
            [11, []],
            [12, []],
            [10, []],
            [9, []],
            [8, []],
            [7, []]
        ]
    ],
    [
    ]
]
