solution = [
    [
        [
            [0, [17, 45, 8, 47, 19, 11, 49, 36, 46, 7, 48, 27, 5, 16, 21, 40, 13, 6, 28, 26, 12, 50, 1, 30, 10, 31, 18]],
            [17, []],
            [45, [37]],
            [8, []],
            [47, []],
            [19, []],
            [11, []],
            [49, []],
            [36, []],
            [46, []],
            [7, []],
            [48, []],
            [27, []],
            [37, []],
            [5, []],
            [16, []],
            [21, []],
            [40, []],
            [13, []],
            [6, []],
            [28, []],
            [26, []],
            [12, []],
            [50, []],
            [1, []],
            [30, []],
            [10, []],
            [31, []],
            [18, []]
        ],
        [
            [0, [24, 29, 34, 35, 32, 20, 9, 33, 3, 4, 25, 39, 23, 22, 41, 15, 43, 38, 44, 14, 42, 2]],
            [24, []],
            [29, []],
            [34, []],
            [35, []],
            [32, []],
            [20, []],
            [9, []],
            [33, []],
            [3, []],
            [4, []],
            [25, []],
            [39, []],
            [23, []],
            [22, []],
            [41, []],
            [15, []],
            [43, []],
            [38, []],
            [44, []],
            [14, []],
            [42, []],
            [2, []]
        ]
    ],
    [
        [
            [45, [37]]
        ]
    ]
]
