solution = [
    [
        [
            [0, [43, 42, 50, 49, 31, 35, 37, 38, 39, 36, 34, 33, 32, 29, 24, 25, 22, 21, 10, 7, 3, 5, 4, 1, 2, 6]],
            [43, []],
            [42, []],
            [50, []],
            [49, []],
            [31, []],
            [35, []],
            [37, []],
            [38, []],
            [39, []],
            [36, []],
            [34, []],
            [33, []],
            [32, []],
            [29, []],
            [24, []],
            [25, []],
            [22, []],
            [21, []],
            [10, []],
            [7, []],
            [3, []],
            [5, []],
            [4, []],
            [1, []],
            [2, []],
            [6, []]
        ],
        [
            [0, [41, 40, 44, 48, 45, 46, 47, 20, 8, 9, 11, 17, 18, 19, 15, 16, 12, 14, 13, 30, 28, 27, 26, 23]],
            [41, []],
            [40, []],
            [44, []],
            [48, []],
            [45, []],
            [46, []],
            [47, []],
            [20, []],
            [8, []],
            [9, []],
            [11, []],
            [17, []],
            [18, []],
            [19, []],
            [15, []],
            [16, []],
            [12, []],
            [14, []],
            [13, []],
            [30, []],
            [28, []],
            [27, []],
            [26, []],
            [23, []]
        ]
    ],
    [
    ]
]
