solution = [
    [
        [
            [0, [4, 6, 5]],
            [16, [16, 11, 10, 13, 15, 14]],
            [11, [11]],
            [10, [10]],
            [13, [13]],
            [4, []],
            [6, []],
            [25, [25, 26, 27, 29, 28, 31, 30]],
            [26, [26]],
            [27, [27]],
            [29, [29]],
            [5, []],
            [28, [28]],
            [31, [31]],
            [30, [30]],
            [38, [38, 39]],
            [39, [39]],
            [48, [48, 47, 46, 43, 44, 45]],
            [47, [47]],
            [46, [46]],
            [15, [15]],
            [14, [14]],
            [43, [43]],
            [44, [44]],
            [45, [45]]
        ],
        [
            [0, [2, 3, 1, 8]],
            [2, []],
            [12, [12, 9]],
            [9, [9]],
            [19, [19, 22, 20, 21, 17, 18, 24]],
            [22, [22]],
            [20, [20]],
            [21, [21]],
            [7, [7]],
            [3, []],
            [1, []],
            [8, []],
            [17, [17]],
            [18, [18]],
            [34, [34, 32, 33, 35, 36, 42, 41, 40]],
            [32, [32]],
            [33, [33]],
            [35, [35]],
            [23, [23]],
            [50, [50, 49, 37]],
            [36, [36]],
            [49, [49]],
            [42, [42]],
            [41, [41]],
            [24, [24]],
            [40, [40]],
            [37, [37]]
        ]
    ],
    [
        [
            [12, [12, 9]],
            [16, [16, 11, 10, 13, 15, 14]]
        ],
        [
            [19, [19, 22, 20, 21, 17, 18, 24]]
        ],
        [
            [25, [25, 26, 27, 29, 28, 31, 30]],
            [7, [7]]
        ],
        [
            [34, [34, 32, 33, 35, 36, 42, 41, 40]]
        ],
        [
            [38, [38, 39]]
        ],
        [
            [48, [48, 47, 46, 43, 44, 45]],
            [23, [23]]
        ],
        [
            [50, [50, 49, 37]]
        ]
    ]
]
