solution = [
    [
        [
            [0, [4, 6, 5]],
            [12, [12, 1, 10]],
            [10, [10]],
            [9, [9]],
            [7, [7]],
            [11, [11]],
            [1, [1]],
            [8, [8, 14, 16]],
            [14, [14]],
            [16, [16]],
            [27, [27, 26, 25]],
            [26, [26]],
            [25, [25]],
            [24, [24, 23, 29]],
            [23, [23]],
            [4, []],
            [6, []],
            [29, [29]],
            [36, [36, 40, 45, 46, 38, 37, 39]],
            [40, [40]],
            [45, [45]],
            [46, [46]],
            [38, [38]],
            [37, [37]],
            [39, [39]],
            [50, [50, 49, 41]],
            [49, [49]],
            [41, [41]],
            [5, []]
        ],
        [
            [0, [3]],
            [2, [2]],
            [13, [13, 17, 22, 21, 20, 19, 18]],
            [15, [15]],
            [17, [17]],
            [22, [22]],
            [21, [21]],
            [20, [20]],
            [19, [19]],
            [18, [18]],
            [3, []],
            [30, [30, 31, 34, 32, 33, 35, 28]],
            [31, [31]],
            [28, [28]],
            [44, [44, 43, 42]],
            [43, [43]],
            [42, [42]],
            [32, [32]],
            [33, [33]],
            [34, [34]],
            [35, [35]],
            [48, [48, 47]],
            [47, [47]]
        ]
    ],
    [
        [
            [12, [12, 1, 10]]
        ],
        [
            [9, [9]]
        ],
        [
            [7, [7]],
            [2, [2]]
        ],
        [
            [11, [11]]
        ],
        [
            [13, [13, 17, 22, 21, 20, 19, 18]]
        ],
        [
            [8, [8, 14, 16]],
            [15, [15]]
        ],
        [
            [27, [27, 26, 25]]
        ],
        [
            [24, [24, 23, 29]]
        ],
        [
            [30, [30, 31, 34, 32, 33, 35, 28]]
        ],
        [
            [36, [36, 40, 45, 46, 38, 37, 39]]
        ],
        [
            [44, [44, 43, 42]]
        ],
        [
            [50, [50, 49, 41]]
        ],
        [
            [48, [48, 47]]
        ]
    ]
]
