solution = [
    [
        [
            [0, [1, 3]],
            [1, []],
            [12, [12, 6, 13]],
            [19, [19, 17]],
            [29, [29, 27, 26, 21]],
            [13, []],
            [26, []],
            [6, []],
            [21, []],
            [34, [34, 9, 11, 10]],
            [27, []],
            [3, []],
            [9, []],
            [37, [37, 38, 39]],
            [11, [46, 40, 45, 41]],
            [46, []],
            [38, []],
            [39, [50, 28, 42]],
            [50, []],
            [28, []],
            [40, []],
            [45, []],
            [41, []],
            [10, []],
            [17, []],
            [42, []]
        ],
        [
            [0, [7, 2, 4]],
            [7, []],
            [15, [15, 5, 16, 8]],
            [5, []],
            [18, [18, 20]],
            [20, [23, 14]],
            [16, []],
            [33, [33, 24, 30, 25]],
            [2, []],
            [24, [32, 35, 36, 31]],
            [8, []],
            [35, []],
            [25, []],
            [23, []],
            [14, []],
            [30, []],
            [4, []],
            [47, [47, 22]],
            [32, []],
            [48, [48, 44, 43, 49]],
            [22, []],
            [44, []],
            [43, []],
            [31, []],
            [36, []],
            [49, []]
        ]
    ],
    [
        [
            [12, [12, 6, 13]]
        ],
        [
            [15, [15, 5, 16, 8]]
        ],
        [
            [19, [19, 17]],
            [18, [18, 20]]
        ],
        [
            [20, [23, 14]]
        ],
        [
            [29, [29, 27, 26, 21]]
        ],
        [
            [33, [33, 24, 30, 25]]
        ],
        [
            [34, [34, 9, 11, 10]]
        ],
        [
            [24, [32, 35, 36, 31]]
        ],
        [
            [37, [37, 38, 39]]
        ],
        [
            [11, [46, 40, 45, 41]]
        ],
        [
            [39, [50, 28, 42]]
        ],
        [
            [47, [47, 22]]
        ],
        [
            [48, [48, 44, 43, 49]]
        ]
    ]
]
