solution = [
    [
        [
            [0, [1, 6]],
            [1, []],
            [16, [16, 15]],
            [15, []],
            [13, [13, 18, 19, 20]],
            [18, []],
            [19, []],
            [20, [21, 22, 17]],
            [21, []],
            [22, []],
            [17, [33, 34, 31, 32]],
            [33, []],
            [34, []],
            [31, []],
            [32, []],
            [28, [28, 41, 38, 37]],
            [6, [44, 36, 39, 46]],
            [44, []],
            [41, []],
            [38, []],
            [37, []],
            [36, [50, 49, 45, 40]],
            [39, []],
            [50, []],
            [49, []],
            [46, []],
            [45, []],
            [40, []]
        ],
        [
            [0, [11, 2, 4, 5, 3]],
            [11, []],
            [9, [9, 14]],
            [14, []],
            [7, [7, 8, 12, 10]],
            [2, []],
            [8, []],
            [12, [27, 24, 26, 25]],
            [27, []],
            [24, []],
            [26, []],
            [25, []],
            [23, [23, 29, 30, 35]],
            [10, []],
            [4, [43, 42]],
            [5, []],
            [43, []],
            [42, []],
            [29, [48, 47]],
            [30, []],
            [48, []],
            [35, []],
            [47, []],
            [3, []]
        ]
    ],
    [
        [
            [9, [9, 14]]
        ],
        [
            [7, [7, 8, 12, 10]]
        ],
        [
            [16, [16, 15]]
        ],
        [
            [13, [13, 18, 19, 20]]
        ],
        [
            [20, [21, 22, 17]]
        ],
        [
            [12, [27, 24, 26, 25]]
        ],
        [
            [23, [23, 29, 30, 35]]
        ],
        [
            [17, [33, 34, 31, 32]]
        ],
        [
            [4, [43, 42]]
        ],
        [
            [28, [28, 41, 38, 37]]
        ],
        [
            [6, [44, 36, 39, 46]]
        ],
        [
            [29, [48, 47]]
        ],
        [
            [36, [50, 49, 45, 40]]
        ]
    ]
]
