solution = [
    [
        [
            [0, [2, 15, 18, 14, 6, 23, 1, 31, 19, 12, 5, 17, 28, 22, 25, 33, 29, 9, 20, 27]],
            [2, [36, 37, 39, 41, 42, 40]],
            [15, []],
            [18, []],
            [14, []],
            [6, []],
            [36, []],
            [23, []],
            [1, []],
            [37, []],
            [39, []],
            [31, [47, 50, 44, 43]],
            [19, []],
            [12, []],
            [5, []],
            [17, []],
            [47, []],
            [28, []],
            [22, []],
            [41, []],
            [25, []],
            [42, []],
            [33, []],
            [29, []],
            [9, []],
            [20, []],
            [43, []],
            [50, []],
            [27, []],
            [44, []],
            [40, []]
        ],
        [
            [0, [21, 16, 30, 34, 10, 26, 35, 32, 3, 11, 13, 4, 38, 7, 24, 8]],
            [21, [46, 45, 48, 49]],
            [16, []],
            [46, []],
            [30, []],
            [34, []],
            [10, []],
            [45, []],
            [26, []],
            [35, []],
            [32, []],
            [3, []],
            [48, []],
            [11, []],
            [13, []],
            [4, []],
            [38, []],
            [49, []],
            [7, []],
            [24, []],
            [8, []]
        ]
    ],
    [
        [
            [2, [36, 37, 39, 41, 42, 40]]
        ],
        [
            [21, [46, 45, 48, 49]]
        ],
        [
            [31, [47, 50, 44, 43]]
        ]
    ]
]
