solution = [
    [
        [
            [0, [49, 31, 35, 37, 38, 39, 36, 34, 33, 32, 29, 24, 25, 26, 23, 10, 7, 6, 2, 1, 4, 3, 5]],
            [49, []],
            [31, []],
            [35, []],
            [37, []],
            [38, []],
            [39, []],
            [36, []],
            [34, []],
            [33, []],
            [32, []],
            [29, []],
            [24, []],
            [25, []],
            [26, []],
            [23, []],
            [10, []],
            [7, []],
            [6, []],
            [2, []],
            [1, []],
            [4, []],
            [3, []],
            [5, []]
        ],
        [
            [0, [8, 9, 11, 12, 14, 16, 15, 19, 18, 17, 13, 30, 28, 27, 22, 21, 20, 47, 46, 50, 48, 45, 44, 40, 41, 42, 43]],
            [8, []],
            [9, []],
            [11, []],
            [12, []],
            [14, []],
            [16, []],
            [15, []],
            [19, []],
            [18, []],
            [17, []],
            [13, []],
            [30, []],
            [28, []],
            [27, []],
            [22, []],
            [21, []],
            [20, []],
            [47, []],
            [46, []],
            [50, []],
            [48, []],
            [45, []],
            [44, []],
            [40, []],
            [41, []],
            [42, []],
            [43, []]
        ]
    ],
    [
    ]
]
