solution = [
    [
        [
            [0, []],
            [13, [13, 11, 12, 14, 15, 9]],
            [11, []],
            [12, []],
            [14, []],
            [15, []],
            [25, [25, 28, 27, 26, 24, 23, 29]],
            [24, []],
            [23, []],
            [36, [36]],
            [44, [44, 43, 42, 41, 40, 37, 38]],
            [43, []],
            [42, []],
            [41, []],
            [40, []],
            [37, []],
            [38, []],
            [39, [39, 30, 31, 50, 49, 48]],
            [30, []],
            [29, []],
            [50, []],
            [49, []],
            [48, []],
            [31, []],
            [28, []],
            [27, []],
            [26, []],
            [9, []]
        ],
        [
            [0, [1, 4, 5, 3, 2, 7, 6]],
            [1, []],
            [4, []],
            [5, []],
            [3, []],
            [2, []],
            [7, []],
            [6, []],
            [22, [22, 20, 21, 19, 17, 18, 10, 16]],
            [20, []],
            [21, []],
            [19, []],
            [8, [35, 34, 33, 32, 8]],
            [17, []],
            [18, []],
            [35, []],
            [34, []],
            [33, []],
            [32, []],
            [47, [47, 46, 45]],
            [46, []],
            [45, []],
            [16, []],
            [10, []]
        ]
    ],
    [
        [
            [13, [13, 11, 12, 14, 15, 9]]
        ],
        [
            [22, [22, 20, 21, 19, 17, 18, 10, 16]]
        ],
        [
            [25, [25, 28, 27, 26, 24, 23, 29]]
        ],
        [
            [8, [35, 34, 33, 32, 8]]
        ],
        [
            [36, [36]]
        ],
        [
            [44, [44, 43, 42, 41, 40, 37, 38]]
        ],
        [
            [39, [39, 30, 31, 50, 49, 48]]
        ],
        [
            [47, [47, 46, 45]]
        ]
    ]
]
