solution = [
    [
        [
            [0, [8]],
            [12, [12]],
            [8, [23, 24, 22, 15, 16, 9]],
            [24, [24]],
            [23, [23]],
            [22, [29, 28, 26, 30, 31, 25]],
            [29, [29]],
            [30, [30]],
            [31, [31]],
            [28, [28]],
            [26, [26]],
            [25, [25]],
            [9, [9]],
            [15, [15]],
            [16, [44, 45, 43]],
            [43, [43]],
            [44, [44]],
            [45, [45]]
        ],
        [
            [0, [4, 2, 7, 3, 6, 5, 1]],
            [4, []],
            [2, []],
            [7, []],
            [3, []],
            [6, []],
            [5, []],
            [13, [13, 11, 14, 10]],
            [11, [11]],
            [14, [14]],
            [10, [10]],
            [1, []],
            [19, [19, 20, 17, 18]],
            [20, [20]],
            [17, [21, 27]],
            [35, [35, 33, 32, 34]],
            [33, [33]],
            [32, [32]],
            [34, [36, 42, 41, 40, 37, 38, 39]],
            [18, [18]],
            [21, [50, 49, 48, 47, 46]],
            [36, [36]],
            [50, [50]],
            [49, [49]],
            [42, [42]],
            [41, [41]],
            [40, [40]],
            [37, [37]],
            [38, [38]],
            [39, [39]],
            [48, [48]],
            [47, [47]],
            [46, [46]],
            [27, [27]]
        ]
    ],
    [
        [
            [13, [13, 11, 14, 10]],
            [12, [12]]
        ],
        [
            [19, [19, 20, 17, 18]]
        ],
        [
            [8, [23, 24, 22, 15, 16, 9]]
        ],
        [
            [17, [21, 27]],
            [22, [29, 28, 26, 30, 31, 25]]
        ],
        [
            [35, [35, 33, 32, 34]]
        ],
        [
            [34, [36, 42, 41, 40, 37, 38, 39]]
        ],
        [
            [16, [44, 45, 43]]
        ],
        [
            [21, [50, 49, 48, 47, 46]]
        ]
    ]
]
