solution = [
    [
        [
            [0, [35, 30, 42, 4, 23, 34, 21, 37, 46, 7, 44, 38, 27, 33, 8, 24, 22, 47, 31, 41, 50, 10, 49, 15, 9, 26, 5, 11, 1, 40]],
            [35, []],
            [30, []],
            [42, []],
            [4, []],
            [23, []],
            [34, []],
            [21, []],
            [37, []],
            [46, []],
            [7, []],
            [44, []],
            [38, []],
            [27, []],
            [33, []],
            [8, []],
            [24, []],
            [22, []],
            [47, []],
            [31, []],
            [41, []],
            [50, []],
            [10, []],
            [49, []],
            [15, []],
            [9, []],
            [26, []],
            [5, []],
            [11, []],
            [1, []],
            [40, []]
        ],
        [
            [0, [14, 18, 48, 25, 20, 29, 3, 19, 39, 6, 17, 36, 12, 43, 16, 45, 28, 13, 32, 2]],
            [14, []],
            [18, []],
            [48, []],
            [25, []],
            [20, []],
            [29, []],
            [3, []],
            [19, []],
            [39, []],
            [6, []],
            [17, []],
            [36, []],
            [12, []],
            [43, []],
            [16, []],
            [45, []],
            [28, []],
            [13, []],
            [32, []],
            [2, []]
        ]
    ],
    [
    ]
]
