solution = [
    [
        [
            [0, [48, 46, 41, 43, 42, 47, 20, 24, 27, 22, 21, 8, 10, 11, 9, 23, 18, 17, 19, 15, 16, 14, 12, 13, 1, 7, 3, 4, 5]],
            [48, []],
            [46, []],
            [41, []],
            [43, []],
            [42, []],
            [47, []],
            [20, []],
            [24, []],
            [27, []],
            [22, []],
            [21, []],
            [8, []],
            [10, []],
            [11, []],
            [9, []],
            [25, [25]],
            [23, []],
            [18, []],
            [17, []],
            [19, []],
            [15, []],
            [16, []],
            [14, []],
            [12, []],
            [13, []],
            [1, []],
            [7, []],
            [3, []],
            [4, []],
            [5, []]
        ],
        [
            [0, [2, 49, 40, 44, 45, 50, 6, 33, 32, 31, 35, 37, 38, 39, 34, 36, 28, 26, 30, 29]],
            [2, []],
            [49, []],
            [40, []],
            [44, []],
            [45, []],
            [50, []],
            [6, []],
            [33, []],
            [32, []],
            [31, []],
            [35, []],
            [37, []],
            [38, []],
            [39, []],
            [34, []],
            [36, []],
            [28, []],
            [26, []],
            [30, []],
            [29, []]
        ]
    ],
    [
        [
            [25, [25]]
        ]
    ]
]
