solution = [
    [
        [
            [0, [43, 42, 41, 40, 44, 45, 47, 31, 32, 33, 37, 38, 39, 36, 34, 28, 8, 10, 11, 9, 17, 18, 19, 15, 16, 12, 14, 13, 1, 2, 5]],
            [43, []],
            [42, []],
            [41, []],
            [40, []],
            [44, []],
            [45, []],
            [47, []],
            [31, []],
            [32, []],
            [33, []],
            [37, []],
            [38, []],
            [39, []],
            [36, []],
            [34, []],
            [28, []],
            [8, []],
            [10, []],
            [11, []],
            [9, []],
            [17, []],
            [18, []],
            [19, []],
            [15, []],
            [16, []],
            [12, []],
            [14, []],
            [13, []],
            [1, []],
            [2, []],
            [5, []]
        ],
        [
            [0, [49, 46, 50, 21, 20, 22, 24, 35, 26, 23, 29, 7, 3, 4]],
            [49, []],
            [46, []],
            [48, [48, 6]],
            [6, [27]],
            [50, []],
            [25, [25]],
            [27, []],
            [21, [30]],
            [20, []],
            [22, []],
            [24, []],
            [35, []],
            [26, []],
            [23, []],
            [30, []],
            [29, []],
            [7, []],
            [3, []],
            [4, []]
        ]
    ],
    [
        [
            [48, [48, 6]]
        ],
        [
            [6, [27]]
        ],
        [
            [25, [25]]
        ],
        [
            [21, [30]]
        ]
    ]
]
