solution = [
    [
        [
            [0, [4, 6, 3]],
            [4, []],
            [6, []],
            [12, [12, 13, 14, 16, 17]],
            [13, []],
            [20, [20, 19]],
            [19, []],
            [28, [28, 21, 29, 25, 26, 22]],
            [14, []],
            [34, [34, 36, 37, 32, 33]],
            [16, []],
            [36, []],
            [17, []],
            [21, []],
            [29, []],
            [41, [41]],
            [32, []],
            [50, [50, 49, 43]],
            [25, []],
            [43, []],
            [49, []],
            [37, []],
            [26, []],
            [33, []],
            [3, []],
            [22, []]
        ],
        [
            [0, [7, 5, 1, 2]],
            [7, []],
            [5, []],
            [9, [9, 11, 10]],
            [1, []],
            [23, [23]],
            [11, [24, 27, 15, 18, 8]],
            [10, []],
            [24, []],
            [27, []],
            [31, [31, 30]],
            [30, []],
            [15, []],
            [42, [42, 38, 35, 40, 39]],
            [38, []],
            [35, []],
            [18, []],
            [47, [47, 46, 48, 44, 45]],
            [40, []],
            [46, []],
            [8, []],
            [48, []],
            [39, []],
            [44, []],
            [2, []],
            [45, []]
        ]
    ],
    [
        [
            [9, [9, 11, 10]]
        ],
        [
            [12, [12, 13, 14, 16, 17]]
        ],
        [
            [20, [20, 19]],
            [23, [23]]
        ],
        [
            [11, [24, 27, 15, 18, 8]]
        ],
        [
            [28, [28, 21, 29, 25, 26, 22]]
        ],
        [
            [31, [31, 30]]
        ],
        [
            [34, [34, 36, 37, 32, 33]]
        ],
        [
            [42, [42, 38, 35, 40, 39]],
            [41, [41]]
        ],
        [
            [47, [47, 46, 48, 44, 45]]
        ],
        [
            [50, [50, 49, 43]]
        ]
    ]
]
