solution = [
    [
        [
            [0, [14, 16, 15, 4, 6, 11, 8, 13]],
            [14, []],
            [16, []],
            [15, [30, 28, 29]],
            [4, [27, 26]],
            [6, []],
            [30, []],
            [28, []],
            [27, []],
            [26, []],
            [11, []],
            [8, [38, 41]],
            [38, [40, 39, 43, 44]],
            [41, []],
            [40, []],
            [39, []],
            [13, [42, 49, 48]],
            [29, []],
            [42, []],
            [43, []],
            [44, []],
            [49, []],
            [48, []]
        ],
        [
            [0, [7, 9, 12, 2, 10, 5, 3, 1]],
            [7, []],
            [9, []],
            [12, []],
            [2, []],
            [10, []],
            [5, []],
            [21, [21, 22, 23, 19]],
            [22, []],
            [23, []],
            [31, [31, 32, 33, 34]],
            [32, []],
            [33, [35, 36, 37, 25]],
            [34, []],
            [19, []],
            [18, [18, 24, 17, 20]],
            [17, []],
            [20, [50, 45, 46, 47]],
            [35, []],
            [36, []],
            [37, []],
            [50, []],
            [25, []],
            [24, []],
            [45, []],
            [46, []],
            [47, []],
            [3, []],
            [1, []]
        ]
    ],
    [
        [
            [21, [21, 22, 23, 19]]
        ],
        [
            [15, [30, 28, 29]]
        ],
        [
            [4, [27, 26]]
        ],
        [
            [31, [31, 32, 33, 34]]
        ],
        [
            [33, [35, 36, 37, 25]]
        ],
        [
            [8, [38, 41]]
        ],
        [
            [38, [40, 39, 43, 44]]
        ],
        [
            [18, [18, 24, 17, 20]]
        ],
        [
            [13, [42, 49, 48]]
        ],
        [
            [20, [50, 45, 46, 47]]
        ]
    ]
]
