solution = [
    [
        [
            [0, [29, 19, 18, 36, 7, 26, 30, 13, 10, 12, 34, 21, 28, 25, 20, 31, 32, 8, 11, 6, 27, 4]],
            [29, [48, 49, 46, 45]],
            [19, [39, 42, 38, 41]],
            [18, []],
            [46, []],
            [36, []],
            [39, []],
            [42, []],
            [7, []],
            [45, []],
            [26, []],
            [48, []],
            [30, []],
            [13, []],
            [10, []],
            [12, []],
            [38, []],
            [34, []],
            [21, []],
            [28, []],
            [25, []],
            [20, []],
            [31, []],
            [32, []],
            [8, []],
            [49, []],
            [11, []],
            [6, []],
            [27, []],
            [41, []],
            [4, []]
        ],
        [
            [0, [17, 5, 33, 47, 14, 16, 44, 35, 1, 22, 3, 24, 9, 50, 40, 43, 23, 37, 2, 15]],
            [17, []],
            [5, []],
            [33, []],
            [47, []],
            [14, []],
            [16, []],
            [44, []],
            [35, []],
            [1, []],
            [22, []],
            [3, []],
            [24, []],
            [9, []],
            [50, []],
            [40, []],
            [43, []],
            [23, []],
            [37, []],
            [2, []],
            [15, []]
        ]
    ],
    [
        [
            [29, [48, 49, 46, 45]]
        ],
        [
            [19, [39, 42, 38, 41]]
        ]
    ]
]
