solution = [
    [
        [
            [0, [7, 8, 27, 48, 47, 19, 11, 49, 36, 46, 45, 18, 42, 16, 21, 2, 13, 26, 28, 50, 1, 10, 31]],
            [7, []],
            [8, [37, 40, 30]],
            [27, []],
            [48, []],
            [47, []],
            [19, []],
            [11, []],
            [49, []],
            [36, []],
            [46, []],
            [45, []],
            [37, []],
            [18, []],
            [42, []],
            [16, []],
            [21, []],
            [2, []],
            [13, []],
            [40, []],
            [26, []],
            [28, []],
            [50, []],
            [1, []],
            [30, []],
            [10, []],
            [31, []]
        ],
        [
            [0, [12, 33, 9, 20, 32, 35, 34, 3, 29, 24, 25, 4, 39, 23, 22, 41, 15, 43, 14, 44, 38, 17, 5, 6]],
            [12, []],
            [33, []],
            [9, []],
            [20, []],
            [32, []],
            [35, []],
            [34, []],
            [3, []],
            [29, []],
            [24, []],
            [25, []],
            [4, []],
            [39, []],
            [23, []],
            [22, []],
            [41, []],
            [15, []],
            [43, []],
            [14, []],
            [44, []],
            [38, []],
            [17, []],
            [5, []],
            [6, []]
        ]
    ],
    [
        [
            [8, [37, 40, 30]]
        ]
    ]
]
