solution = [
    [
        [
            [0, []],
            [2, [2]],
            [19, [19, 14, 17]],
            [18, [18, 22, 25, 20]],
            [14, []],
            [17, []],
            [15, [15]],
            [20, []],
            [31, [31, 32, 33, 34]],
            [32, []],
            [33, []],
            [34, []],
            [22, []],
            [35, [35, 36, 37, 24]],
            [36, []],
            [37, []],
            [50, [50, 45, 46, 47]],
            [25, []],
            [24, []],
            [45, []],
            [46, []],
            [47, []]
        ],
        [
            [0, [3, 5, 6, 4]],
            [3, []],
            [5, []],
            [6, []],
            [4, []],
            [13, [13, 11, 10, 12]],
            [11, [1]],
            [10, []],
            [7, [7]],
            [8, [8, 16, 9]],
            [16, []],
            [21, [21, 23]],
            [23, []],
            [26, [26, 27]],
            [27, []],
            [30, [30, 28, 29]],
            [28, []],
            [12, []],
            [41, [41, 40, 39, 38]],
            [40, []],
            [39, []],
            [38, []],
            [9, []],
            [29, []],
            [42, [42, 43, 44, 49]],
            [43, []],
            [44, []],
            [49, []],
            [48, [48]],
            [1, []]
        ]
    ],
    [
        [
            [13, [13, 11, 10, 12]]
        ],
        [
            [11, [1]]
        ],
        [
            [2, [2]],
            [7, [7]]
        ],
        [
            [8, [8, 16, 9]]
        ],
        [
            [19, [19, 14, 17]]
        ],
        [
            [18, [18, 22, 25, 20]]
        ],
        [
            [21, [21, 23]]
        ],
        [
            [15, [15]],
            [26, [26, 27]]
        ],
        [
            [30, [30, 28, 29]]
        ],
        [
            [31, [31, 32, 33, 34]]
        ],
        [
            [35, [35, 36, 37, 24]]
        ],
        [
            [41, [41, 40, 39, 38]]
        ],
        [
            [50, [50, 45, 46, 47]]
        ],
        [
            [42, [42, 43, 44, 49]]
        ],
        [
            [48, [48]]
        ]
    ]
]
