solution = [
    [
        [
            [0, [7, 30, 4, 23, 21, 27, 8, 24, 22, 31, 10, 15, 9, 26, 5, 11, 1]],
            [7, [37, 38, 40, 34, 33, 35]],
            [30, []],
            [35, [35]],
            [42, [42]],
            [4, []],
            [23, []],
            [34, [34]],
            [21, [47, 50, 49, 44, 41, 46]],
            [37, [37]],
            [46, [46]],
            [44, [44]],
            [38, [38]],
            [27, []],
            [33, [33]],
            [8, []],
            [24, []],
            [22, []],
            [47, [47]],
            [31, []],
            [41, [41]],
            [50, [50]],
            [10, []],
            [49, [49]],
            [15, []],
            [9, []],
            [26, []],
            [5, []],
            [11, []],
            [1, []],
            [40, [40]]
        ],
        [
            [0, [14, 18, 25, 20, 29, 3, 19, 39, 6, 17, 36, 12, 43, 16, 45, 28, 13, 32, 2]],
            [14, [48]],
            [18, []],
            [48, [48]],
            [25, []],
            [20, []],
            [29, []],
            [3, []],
            [19, []],
            [39, []],
            [6, []],
            [17, []],
            [36, []],
            [12, []],
            [43, []],
            [16, []],
            [45, []],
            [28, []],
            [13, []],
            [32, []],
            [2, []]
        ]
    ],
    [
        [
            [7, [37, 38, 40, 34, 33, 35]]
        ],
        [
            [42, [42]]
        ],
        [
            [21, [47, 50, 49, 44, 41, 46]]
        ],
        [
            [14, [48]]
        ]
    ]
]
