solution = [
    [
        [
            [0, []],
            [7, [7]],
            [10, [10, 6, 12]],
            [6, []],
            [3, [3]],
            [18, [18, 15, 13]],
            [25, [25, 23]],
            [23, []],
            [26, [26, 17]],
            [29, [29]],
            [36, [36, 32, 31]],
            [31, []],
            [32, []],
            [12, []],
            [42, [42, 5, 34, 40]],
            [5, []],
            [34, []],
            [15, []],
            [40, []],
            [45, [45, 41, 33, 22]],
            [41, []],
            [17, []],
            [13, []],
            [33, []],
            [49, [49, 48, 43, 44]],
            [48, []],
            [43, []],
            [22, []],
            [44, []]
        ],
        [
            [0, [1]],
            [1, []],
            [2, [2]],
            [9, [9, 4, 8, 11]],
            [19, [19, 14]],
            [16, [16]],
            [28, [28, 21, 24]],
            [21, []],
            [24, [20, 27]],
            [8, []],
            [14, []],
            [4, []],
            [30, [30, 35]],
            [35, []],
            [27, []],
            [20, []],
            [11, []],
            [37, [37, 46, 38, 39]],
            [46, []],
            [38, []],
            [39, []],
            [50, [50, 47]],
            [47, []]
        ]
    ],
    [
        [
            [7, [7]],
            [2, [2]]
        ],
        [
            [10, [10, 6, 12]]
        ],
        [
            [9, [9, 4, 8, 11]]
        ],
        [
            [19, [19, 14]],
            [3, [3]]
        ],
        [
            [18, [18, 15, 13]]
        ],
        [
            [16, [16]],
            [25, [25, 23]]
        ],
        [
            [28, [28, 21, 24]]
        ],
        [
            [26, [26, 17]]
        ],
        [
            [24, [20, 27]],
            [29, [29]]
        ],
        [
            [36, [36, 32, 31]]
        ],
        [
            [30, [30, 35]]
        ],
        [
            [42, [42, 5, 34, 40]]
        ],
        [
            [37, [37, 46, 38, 39]]
        ],
        [
            [45, [45, 41, 33, 22]]
        ],
        [
            [49, [49, 48, 43, 44]]
        ],
        [
            [50, [50, 47]]
        ]
    ]
]
