solution = [
    [
        [
            [0, [10, 11, 9, 13, 15, 16, 17, 47, 14, 12, 7, 6, 2, 4, 8, 46, 45, 5, 3, 1, 43, 40, 36, 35, 37, 38, 39, 42, 44, 41]],
            [10, []],
            [11, []],
            [9, []],
            [13, []],
            [15, []],
            [16, []],
            [17, []],
            [47, []],
            [14, []],
            [12, []],
            [7, []],
            [6, []],
            [2, []],
            [4, []],
            [8, []],
            [46, []],
            [45, []],
            [5, []],
            [3, []],
            [1, []],
            [43, []],
            [40, []],
            [36, []],
            [35, []],
            [37, []],
            [38, []],
            [39, []],
            [42, []],
            [44, []],
            [41, []]
        ],
        [
            [0, [50, 34, 32, 30, 31, 29, 27, 28, 26, 33, 22, 20, 49, 19, 48, 21, 18, 25, 23, 24]],
            [50, []],
            [34, []],
            [32, []],
            [30, []],
            [31, []],
            [29, []],
            [27, []],
            [28, []],
            [26, []],
            [33, []],
            [22, []],
            [20, []],
            [49, []],
            [19, []],
            [48, []],
            [21, []],
            [18, []],
            [25, []],
            [23, []],
            [24, []]
        ]
    ],
    [
    ]
]
