solution = [
    [
        [
            [0, [14, 15, 16, 17, 18, 19, 31, 32, 30, 28, 29, 33, 40, 41, 42, 43, 37, 36, 38, 39, 34, 35, 8, 7, 5, 6, 9, 4, 3, 2, 1]],
            [14, []],
            [15, []],
            [16, []],
            [17, []],
            [18, []],
            [19, []],
            [31, []],
            [32, []],
            [30, []],
            [28, []],
            [29, []],
            [33, []],
            [40, []],
            [41, []],
            [42, []],
            [43, []],
            [37, []],
            [36, []],
            [38, []],
            [39, []],
            [34, []],
            [35, []],
            [8, []],
            [7, []],
            [5, []],
            [6, []],
            [9, []],
            [4, []],
            [3, []],
            [2, []],
            [1, []]
        ],
        [
            [0, [13, 20, 21, 49, 48, 47, 46, 50, 44, 45, 27, 23, 22, 24, 26, 25, 12, 11, 10]],
            [13, []],
            [20, []],
            [21, []],
            [49, []],
            [48, []],
            [47, []],
            [46, []],
            [50, []],
            [44, []],
            [45, []],
            [27, []],
            [23, []],
            [22, []],
            [24, []],
            [26, []],
            [25, []],
            [12, []],
            [11, []],
            [10, []]
        ]
    ],
    [
    ]
]
