solution = [
    [
        [
            [0, [12, 19, 31, 39, 37, 1, 23, 47, 17, 5, 22, 41, 28, 25, 42, 33, 29, 9, 20, 43, 21, 16, 46, 30, 10, 34, 50, 27, 44, 40]],
            [12, []],
            [19, []],
            [31, []],
            [39, []],
            [37, []],
            [1, []],
            [23, []],
            [47, []],
            [17, []],
            [5, []],
            [22, []],
            [41, []],
            [28, []],
            [25, []],
            [42, []],
            [33, []],
            [29, []],
            [9, []],
            [20, []],
            [43, []],
            [21, []],
            [16, []],
            [46, []],
            [30, []],
            [10, []],
            [34, []],
            [50, []],
            [27, []],
            [44, []],
            [40, []]
        ],
        [
            [0, [8, 2, 36, 6, 15, 14, 18, 49, 7, 24, 38, 4, 13, 11, 48, 3, 32, 35, 26, 45]],
            [8, []],
            [2, []],
            [36, []],
            [6, []],
            [15, []],
            [14, []],
            [18, []],
            [49, []],
            [7, []],
            [24, []],
            [38, []],
            [4, []],
            [13, []],
            [11, []],
            [48, []],
            [3, []],
            [32, []],
            [35, []],
            [26, []],
            [45, []]
        ]
    ],
    [
    ]
]
