solution = [
    [
        [
            [0, [6, 5]],
            [9, [9, 12, 15, 16]],
            [14, [14]],
            [15, [15]],
            [6, []],
            [22, [22, 13]],
            [32, [32, 33, 34, 35]],
            [33, [33]],
            [34, [34]],
            [35, [35]],
            [18, [18, 28, 31]],
            [12, [12]],
            [16, [45, 44, 43, 46]],
            [45, [45]],
            [44, [44]],
            [43, [43]],
            [13, [47, 48]],
            [28, [28]],
            [31, [31]],
            [46, [46]],
            [47, [47]],
            [48, [48]],
            [5, []]
        ],
        [
            [0, [8, 1, 7, 4, 3]],
            [2, [2]],
            [8, []],
            [11, [11, 10]],
            [10, [24]],
            [1, []],
            [17, [17, 26, 27, 30]],
            [7, []],
            [4, [29, 25, 36, 23]],
            [26, [26]],
            [27, [27]],
            [29, [29]],
            [30, [30]],
            [25, [39, 38, 37, 40]],
            [3, [41, 49, 50, 42]],
            [39, [39]],
            [38, [38]],
            [37, [37]],
            [24, [24]],
            [40, [40]],
            [41, [41]],
            [42, [42]],
            [49, [49]],
            [36, [36]],
            [50, [50]],
            [23, [23]],
            [21, [21, 20, 19]],
            [20, [20]],
            [19, [19]]
        ]
    ],
    [
        [
            [2, [2]]
        ],
        [
            [9, [9, 12, 15, 16]]
        ],
        [
            [14, [14]],
            [11, [11, 10]]
        ],
        [
            [10, [24]]
        ],
        [
            [22, [22, 13]]
        ],
        [
            [17, [17, 26, 27, 30]]
        ],
        [
            [4, [29, 25, 36, 23]]
        ],
        [
            [32, [32, 33, 34, 35]]
        ],
        [
            [18, [18, 28, 31]]
        ],
        [
            [25, [39, 38, 37, 40]]
        ],
        [
            [3, [41, 49, 50, 42]]
        ],
        [
            [16, [45, 44, 43, 46]]
        ],
        [
            [21, [21, 20, 19]]
        ],
        [
            [13, [47, 48]]
        ]
    ]
]
