solution = [
    [
        [
            [0, [22, 23, 24, 25, 50, 49, 48, 47, 46, 45, 18, 20, 21, 44, 43, 42, 40, 41, 19, 17]],
            [22, []],
            [23, []],
            [24, []],
            [25, []],
            [50, []],
            [49, []],
            [48, []],
            [47, []],
            [46, []],
            [45, []],
            [18, []],
            [20, []],
            [21, []],
            [44, []],
            [43, []],
            [42, []],
            [40, []],
            [41, []],
            [19, []],
            [17, []]
        ],
        [
            [0, [5, 6, 7, 8, 37, 36, 16, 15, 13, 14, 34, 35, 33, 31, 30, 4, 32, 1, 2, 3, 12, 26, 27, 28, 39, 29, 38, 11, 10, 9]],
            [5, []],
            [6, []],
            [7, []],
            [8, []],
            [37, []],
            [36, []],
            [16, []],
            [15, []],
            [13, []],
            [14, []],
            [34, []],
            [35, []],
            [33, []],
            [31, []],
            [30, []],
            [4, []],
            [32, []],
            [1, []],
            [2, []],
            [3, []],
            [12, []],
            [26, []],
            [27, []],
            [28, []],
            [39, []],
            [29, []],
            [38, []],
            [11, []],
            [10, []],
            [9, []]
        ]
    ],
    [
    ]
]
