solution = [
    [
        [
            [0, [49, 31, 35, 37, 38, 39, 36, 34, 33, 32, 29, 24, 23, 10, 3, 1, 2, 6, 7]],
            [49, []],
            [31, []],
            [35, []],
            [37, []],
            [38, []],
            [39, []],
            [36, []],
            [34, []],
            [33, []],
            [32, []],
            [29, []],
            [24, []],
            [23, []],
            [10, []],
            [3, []],
            [1, []],
            [2, []],
            [6, []],
            [7, []]
        ],
        [
            [0, [43, 42, 41, 40, 44, 45, 48, 50, 46, 47, 20, 21, 22, 27, 28, 30, 26, 12, 14, 16, 15, 19, 18, 17, 13, 11, 9, 8, 4, 5]],
            [43, []],
            [42, []],
            [41, []],
            [40, []],
            [44, []],
            [45, []],
            [48, []],
            [50, []],
            [46, []],
            [47, []],
            [20, []],
            [21, []],
            [22, []],
            [25, [25]],
            [27, []],
            [28, []],
            [30, []],
            [26, []],
            [12, []],
            [14, []],
            [16, []],
            [15, []],
            [19, []],
            [18, []],
            [17, []],
            [13, []],
            [11, []],
            [9, []],
            [8, []],
            [4, []],
            [5, []]
        ]
    ],
    [
        [
            [25, [25]]
        ]
    ]
]
