solution = [
    [
        [
            [0, [45, 7, 47, 19, 11, 49, 36, 46, 18, 15, 43, 38, 44, 16, 13, 2, 21, 26, 28, 50, 1, 10, 31]],
            [45, []],
            [7, []],
            [48, [48, 8]],
            [47, []],
            [19, []],
            [11, []],
            [49, []],
            [36, []],
            [46, []],
            [8, []],
            [18, [37, 40, 42]],
            [37, []],
            [42, [27]],
            [15, []],
            [43, []],
            [38, []],
            [44, []],
            [16, []],
            [13, []],
            [2, []],
            [21, []],
            [40, []],
            [26, []],
            [28, []],
            [50, []],
            [1, []],
            [10, []],
            [31, []],
            [27, []]
        ],
        [
            [0, [12, 3, 33, 9, 20, 30, 35, 34, 29, 24, 25, 4, 39, 23, 22, 41, 14, 17, 5, 6]],
            [12, []],
            [3, []],
            [33, []],
            [9, []],
            [20, []],
            [30, [32]],
            [32, []],
            [35, []],
            [34, []],
            [29, []],
            [24, []],
            [25, []],
            [4, []],
            [39, []],
            [23, []],
            [22, []],
            [41, []],
            [14, []],
            [17, []],
            [5, []],
            [6, []]
        ]
    ],
    [
        [
            [30, [32]]
        ],
        [
            [48, [48, 8]]
        ],
        [
            [18, [37, 40, 42]]
        ],
        [
            [42, [27]]
        ]
    ]
]
