solution = [
    [
        [
            [0, [44, 43, 42, 40, 41, 45, 46, 47, 48, 49, 50, 26, 25, 24, 23]],
            [44, []],
            [43, []],
            [42, []],
            [40, []],
            [41, []],
            [45, []],
            [46, []],
            [47, []],
            [48, []],
            [49, []],
            [50, []],
            [26, []],
            [25, []],
            [24, []],
            [23, []]
        ],
        [
            [0, [11, 12, 2, 1, 16, 6, 7, 17, 18, 8, 9, 10, 15, 5, 4, 3, 14, 13, 21, 22, 20, 19]],
            [11, []],
            [12, []],
            [2, [30, 29, 28, 27]],
            [1, []],
            [16, []],
            [6, []],
            [7, []],
            [17, []],
            [18, []],
            [8, []],
            [9, []],
            [36, [36]],
            [10, []],
            [15, [34, 33, 32, 31]],
            [5, [35, 37, 38, 39]],
            [31, []],
            [35, []],
            [34, []],
            [33, []],
            [32, []],
            [4, []],
            [3, []],
            [14, []],
            [27, []],
            [28, []],
            [29, []],
            [37, []],
            [30, []],
            [38, []],
            [13, []],
            [21, []],
            [22, []],
            [39, []],
            [20, []],
            [19, []]
        ]
    ],
    [
        [
            [2, [30, 29, 28, 27]]
        ],
        [
            [36, [36]]
        ],
        [
            [15, [34, 33, 32, 31]]
        ],
        [
            [5, [35, 37, 38, 39]]
        ]
    ]
]
