solution = [
    [
        [
            [0, [1]],
            [11, [11, 8, 2, 9]],
            [29, [29, 18, 16, 14]],
            [18, [18]],
            [9, [9]],
            [45, [45, 35, 32, 28]],
            [31, [31, 42, 36, 34]],
            [32, [32]],
            [22, [22, 17, 12, 10]],
            [42, [42]],
            [35, [35]],
            [17, [17]],
            [34, [34]],
            [1, []],
            [36, [36]],
            [49, [49, 41, 38]],
            [41, [41]],
            [12, [12]],
            [10, [10]],
            [2, [2]],
            [8, [8]],
            [16, [16]],
            [28, [28]],
            [38, [38]],
            [14, [14]]
        ],
        [
            [0, [3, 4]],
            [15, [15, 7, 6, 13]],
            [6, [6]],
            [13, [13]],
            [19, [19, 24, 26]],
            [7, [7]],
            [3, []],
            [48, [48, 40, 23, 33]],
            [23, [23]],
            [40, [40]],
            [50, [50, 44, 37, 21]],
            [33, [33]],
            [4, []],
            [44, [44]],
            [21, [21]],
            [37, [37]],
            [24, [24]],
            [26, [26]],
            [43, [43, 20, 30, 5]],
            [5, [25, 27]],
            [20, [20]],
            [30, [30]],
            [27, [27]],
            [39, [39, 47, 46]],
            [47, [47]],
            [25, [25]],
            [46, [46]]
        ]
    ],
    [
        [
            [11, [11, 8, 2, 9]]
        ],
        [
            [15, [15, 7, 6, 13]]
        ],
        [
            [29, [29, 18, 16, 14]]
        ],
        [
            [45, [45, 35, 32, 28]]
        ],
        [
            [19, [19, 24, 26]]
        ],
        [
            [31, [31, 42, 36, 34]]
        ],
        [
            [22, [22, 17, 12, 10]]
        ],
        [
            [48, [48, 40, 23, 33]]
        ],
        [
            [50, [50, 44, 37, 21]]
        ],
        [
            [49, [49, 41, 38]]
        ],
        [
            [43, [43, 20, 30, 5]]
        ],
        [
            [5, [25, 27]]
        ],
        [
            [39, [39, 47, 46]]
        ]
    ]
]
