solution = [
    [
        [
            [0, [1, 2, 8]],
            [17, [17, 9, 18]],
            [1, []],
            [9, [9]],
            [2, [24, 27, 10]],
            [10, [10]],
            [24, [24]],
            [27, [27]],
            [30, [30, 15]],
            [15, [15]],
            [42, [42, 38, 35, 33]],
            [38, [38]],
            [35, [35]],
            [18, [18]],
            [47, [47, 40, 46, 44]],
            [40, [48, 39, 31]],
            [46, [46]],
            [8, []],
            [48, [48]],
            [44, [44]],
            [39, [39]],
            [31, [31]],
            [33, [33]]
        ],
        [
            [0, [4, 6, 12, 13, 7, 5, 3]],
            [4, []],
            [6, []],
            [12, []],
            [13, []],
            [23, [23, 16, 14, 20]],
            [7, []],
            [21, [21, 29, 28, 11]],
            [29, [29]],
            [28, [28]],
            [16, [16]],
            [14, [14]],
            [5, [34, 36, 19, 22]],
            [34, [34]],
            [36, [36]],
            [41, [41, 32, 25, 26]],
            [45, [45, 49, 43, 37]],
            [3, []],
            [26, [26]],
            [32, [50]],
            [20, [20]],
            [50, [50]],
            [25, [25]],
            [19, [19]],
            [49, [49]],
            [43, [43]],
            [37, [37]],
            [11, [11]],
            [22, [22]]
        ]
    ],
    [
        [
            [17, [17, 9, 18]]
        ],
        [
            [23, [23, 16, 14, 20]]
        ],
        [
            [2, [24, 27, 10]]
        ],
        [
            [21, [21, 29, 28, 11]]
        ],
        [
            [30, [30, 15]]
        ],
        [
            [5, [34, 36, 19, 22]]
        ],
        [
            [41, [41, 32, 25, 26]]
        ],
        [
            [42, [42, 38, 35, 33]]
        ],
        [
            [45, [45, 49, 43, 37]]
        ],
        [
            [47, [47, 40, 46, 44]]
        ],
        [
            [40, [48, 39, 31]]
        ],
        [
            [32, [50]]
        ]
    ]
]
