solution = [
    [
        [
            [0, [10, 15, 1, 11, 26, 5, 9, 31, 22, 24, 33, 8, 38, 27, 30, 35, 4, 23, 34, 21, 37, 7]],
            [10, [49, 50, 47, 46]],
            [49, [41, 44, 42]],
            [15, []],
            [1, []],
            [11, []],
            [26, []],
            [5, []],
            [9, []],
            [50, [50]],
            [41, [41]],
            [31, []],
            [47, [47]],
            [22, []],
            [24, []],
            [33, []],
            [8, []],
            [44, [44]],
            [38, []],
            [27, []],
            [30, []],
            [35, []],
            [42, [42]],
            [4, []],
            [23, []],
            [34, []],
            [21, []],
            [37, []],
            [46, [46]],
            [7, []]
        ],
        [
            [0, [40, 14, 18, 25, 20, 29, 3, 19, 39, 6, 17, 36, 12, 16, 28, 13, 32, 2]],
            [40, []],
            [14, []],
            [18, [48, 43, 45]],
            [48, [48]],
            [25, []],
            [20, []],
            [29, []],
            [3, []],
            [19, []],
            [39, []],
            [6, []],
            [17, []],
            [36, []],
            [12, []],
            [16, []],
            [43, [43]],
            [45, [45]],
            [28, []],
            [13, []],
            [32, []],
            [2, []]
        ]
    ],
    [
        [
            [10, [49, 50, 47, 46]]
        ],
        [
            [49, [41, 44, 42]]
        ],
        [
            [18, [48, 43, 45]]
        ]
    ]
]
