solution = [
    [
        [
            [0, [17, 26, 13, 36, 28, 48, 38, 12, 43, 50, 10, 22, 14, 24, 34, 5, 19, 11, 23, 6, 39, 35, 46, 29, 7, 44, 33, 47, 3, 16]],
            [17, []],
            [26, []],
            [13, []],
            [36, []],
            [28, []],
            [48, []],
            [38, []],
            [12, []],
            [43, []],
            [50, []],
            [10, []],
            [22, []],
            [14, []],
            [24, []],
            [34, []],
            [5, []],
            [19, []],
            [11, []],
            [23, []],
            [6, []],
            [39, []],
            [35, []],
            [46, []],
            [29, []],
            [7, []],
            [44, []],
            [33, []],
            [47, []],
            [3, []],
            [16, []]
        ],
        [
            [0, [49, 32, 30, 45, 15, 42, 21, 20, 37, 27, 9, 41, 31, 25, 40, 8, 1, 4, 2, 18]],
            [49, []],
            [32, []],
            [30, []],
            [45, []],
            [15, []],
            [42, []],
            [21, []],
            [20, []],
            [37, []],
            [27, []],
            [9, []],
            [41, []],
            [31, []],
            [25, []],
            [40, []],
            [8, []],
            [1, []],
            [4, []],
            [2, []],
            [18, []]
        ]
    ],
    [
    ]
]
