solution = [
    [
        [
            [0, [5, 4, 6, 3, 1]],
            [5, []],
            [14, [14, 16, 15, 9, 10, 12, 11]],
            [4, []],
            [6, []],
            [3, []],
            [16, []],
            [26, [26, 25]],
            [25, []],
            [1, [23, 33, 22, 32, 29]],
            [23, []],
            [33, []],
            [15, []],
            [38, [38, 35, 37, 34]],
            [35, []],
            [37, []],
            [22, []],
            [9, []],
            [32, []],
            [10, []],
            [34, []],
            [29, []],
            [46, [46, 47, 39, 50, 45]],
            [47, []],
            [39, []],
            [50, []],
            [12, []],
            [11, []],
            [45, []]
        ],
        [
            [0, [2]],
            [2, []],
            [18, [18, 19, 13, 8, 7, 17]],
            [19, []],
            [13, []],
            [8, []],
            [7, []],
            [31, [31, 21, 28, 30, 27, 24, 20]],
            [21, []],
            [28, []],
            [20, []],
            [40, [40, 42, 41, 36]],
            [17, []],
            [30, []],
            [42, []],
            [41, []],
            [27, []],
            [43, [43, 49, 44, 48]],
            [49, []],
            [48, []],
            [36, []],
            [24, []],
            [44, []]
        ]
    ],
    [
        [
            [18, [18, 19, 13, 8, 7, 17]]
        ],
        [
            [14, [14, 16, 15, 9, 10, 12, 11]]
        ],
        [
            [31, [31, 21, 28, 30, 27, 24, 20]]
        ],
        [
            [26, [26, 25]]
        ],
        [
            [1, [23, 33, 22, 32, 29]]
        ],
        [
            [38, [38, 35, 37, 34]]
        ],
        [
            [40, [40, 42, 41, 36]]
        ],
        [
            [46, [46, 47, 39, 50, 45]]
        ],
        [
            [43, [43, 49, 44, 48]]
        ]
    ]
]
