solution = [
    [
        [
            [0, [43, 44, 50, 49, 48, 47, 46, 45, 30, 29, 13, 12, 11, 10, 9, 14, 25, 24, 23, 8]],
            [43, []],
            [44, []],
            [50, []],
            [49, []],
            [48, []],
            [47, []],
            [46, []],
            [45, []],
            [30, []],
            [29, []],
            [13, []],
            [12, []],
            [11, []],
            [10, []],
            [9, []],
            [14, []],
            [25, []],
            [24, []],
            [23, []],
            [8, []]
        ],
        [
            [0, [31, 33, 32, 34, 35, 37, 36, 38, 42, 41, 17, 22, 15, 16, 39, 40, 21, 20, 19, 18, 3, 2, 4, 5, 6, 7, 28, 27, 26, 1]],
            [31, []],
            [33, []],
            [32, []],
            [34, []],
            [35, []],
            [37, []],
            [36, []],
            [38, []],
            [42, []],
            [41, []],
            [17, []],
            [22, []],
            [15, []],
            [16, []],
            [39, []],
            [40, []],
            [21, []],
            [20, []],
            [19, []],
            [18, []],
            [3, []],
            [2, []],
            [4, []],
            [5, []],
            [6, []],
            [7, []],
            [28, []],
            [27, []],
            [26, []],
            [1, []]
        ]
    ],
    [
    ]
]
