solution = [
    [
        [
            [0, [23, 24, 25, 26, 46, 45, 20, 22, 39, 40, 41, 42, 44, 43, 21, 19]],
            [23, []],
            [24, []],
            [25, []],
            [26, []],
            [50, [50, 49, 48, 47]],
            [49, []],
            [48, []],
            [47, []],
            [46, []],
            [45, []],
            [20, []],
            [22, []],
            [39, []],
            [40, []],
            [41, []],
            [42, []],
            [44, []],
            [43, []],
            [21, []],
            [19, []]
        ],
        [
            [0, [14, 27, 28, 29, 30, 13, 12, 11, 3, 4, 5, 2, 1, 31, 32, 33, 34, 17, 16, 15, 7, 8, 9, 10, 18, 6]],
            [14, []],
            [27, []],
            [28, []],
            [29, []],
            [37, [37, 38, 35, 36]],
            [30, []],
            [38, []],
            [13, []],
            [12, []],
            [11, []],
            [3, []],
            [4, []],
            [5, []],
            [2, []],
            [1, []],
            [31, []],
            [32, []],
            [33, []],
            [34, []],
            [35, []],
            [17, []],
            [16, []],
            [15, []],
            [7, []],
            [8, []],
            [9, []],
            [36, []],
            [10, []],
            [18, []],
            [6, []]
        ]
    ],
    [
        [
            [37, [37, 38, 35, 36]]
        ],
        [
            [50, [50, 49, 48, 47]]
        ]
    ]
]
