solution = [
    [
        [
            [0, [4, 3, 6, 7, 5]],
            [4, []],
            [3, []],
            [6, []],
            [7, []],
            [14, [14, 11, 10, 13]],
            [11, []],
            [10, [27, 26, 28, 29]],
            [25, [25, 12, 16, 15]],
            [27, []],
            [26, []],
            [28, []],
            [13, []],
            [12, []],
            [16, [47, 46, 45, 31]],
            [47, []],
            [46, []],
            [45, []],
            [15, [48, 49, 50, 30]],
            [31, []],
            [48, []],
            [49, []],
            [50, []],
            [30, []],
            [29, []],
            [5, []]
        ],
        [
            [0, [1, 2, 8]],
            [1, []],
            [2, []],
            [9, [9]],
            [8, []],
            [20, [20, 22, 17, 18]],
            [22, []],
            [17, []],
            [18, [35, 34, 33, 32]],
            [35, []],
            [34, [41, 40]],
            [33, []],
            [32, [36, 44, 43, 42]],
            [19, [19, 21, 23, 24]],
            [21, [37, 38, 39]],
            [23, []],
            [36, []],
            [44, []],
            [43, []],
            [42, []],
            [41, []],
            [24, []],
            [40, []],
            [37, []],
            [38, []],
            [39, []]
        ]
    ],
    [
        [
            [9, [9]]
        ],
        [
            [14, [14, 11, 10, 13]]
        ],
        [
            [20, [20, 22, 17, 18]]
        ],
        [
            [10, [27, 26, 28, 29]]
        ],
        [
            [25, [25, 12, 16, 15]]
        ],
        [
            [18, [35, 34, 33, 32]]
        ],
        [
            [34, [41, 40]]
        ],
        [
            [32, [36, 44, 43, 42]]
        ],
        [
            [16, [47, 46, 45, 31]]
        ],
        [
            [19, [19, 21, 23, 24]]
        ],
        [
            [21, [37, 38, 39]]
        ],
        [
            [15, [48, 49, 50, 30]]
        ]
    ]
]
